-2.6731074125294	1.01082921908222
-2.95397585711884	1.02895897653322
-2.94869432903833	1.0262073233822
-2.77321471617122	0.775301479466431
-3.01832368819378	1.3925289549554
-2.93051271844849	1.02271943709149
-2.70555065146962	0.870079696211455
-3.08297240082057	1.36454603442981
-2.96835736081372	0.971537714688633
-3.08473104320935	0.759382838373599
-3.04264909010877	0.915433062561764
-3.05934763438437	0.916564996755325
-2.98441686289745	1.18503148915019
-2.90341633683608	0.929983655560719
-2.83939290485915	1.1618287835216
-2.99508653950783	1.00885808936569
-2.88668000397103	0.290699903731267
-2.73184725132521	1.03419015411836
-3.08317637806661	1.08738860508302
-3.36563952286298	0.385098957433315
-3.05485024614627	1.06366148883176
-3.11525000542097	0.871559972401602
-2.87098075951989	0.74326098663155
-3.13874420820206	1.41320568554332
-3.07438473268352	0.889653229844816
-3.03904626406089	0.993147034630327
-2.96722561475644	1.10436294897286
-2.79052427169023	1.36854010231126
-3.51610833485027	1.35620455858818
-3.19353056314321	0.844594062924529
-3.03605864186848	1.00738427761507
-3.11445313047286	1.23795496140924
-3.17737111456796	0.975142162695678
-2.72199252156562	1.36172354626544
-3.22468001780876	0.687564319378365
-2.29947007607999	0.392203485276639
-3.07788394699759	1.02833206625331
-3.22283615842233	1.35983657126449
-2.95435070772244	1.36111899239188
-2.73713911678385	0.92437690499422
-3.39400275040595	0.436334324714296
-2.8436550702736	0.808724446575929
-2.89459259645759	1.0525462914735
-2.63064172502822	0.944389672295967
-2.63740510322438	1.01813572825847
-3.00170408372586	1.13721270283602
-2.94328253554513	1.50320220860729
-3.36738016765217	1.14149618993243
-2.85719723943667	1.00835812548169
-3.51823360721012	1.37700050779442
-3.04230264871401	0.985959133289582
-2.90716051453333	0.877378655582292
-2.62907509200131	1.00526857477032
-3.08047482016599	1.04024585558887
-3.23429544078543	0.451062331118739
-2.96793718876847	0.462751777615257
-2.99252376824526	1.09701281703035
-3.10562824412724	1.05219326904686
-2.54699317846391	0.920682729831486
-2.80270527632794	0.719797913638066
-3.29973221134312	1.01524482768977
-2.94341189977436	0.942972233015713
-3.67646421829907	0.0114101191193916
-3.1090239137134	1.07716512939087
-3.29201248605689	1.10782281159668
-3.13471750842224	0.896856149238381
-3.18880250113	0.864943281376022
-2.46339255202202	0.759735366290311
-2.77506124401997	0.604514187091901
-2.94793727976309	0.872048816327289
-3.01300233292289	1.67437937505726
-3.16989839523374	1.49285793803511
-2.79825925284497	1.17437742344052
-2.7266439828672	1.07634583438042
-3.12502198880463	1.16559075594111
-2.8635271970523	1.39335833132809
-3.01126692063991	0.998313524540165
-3.01855716076215	1.1876912274322
-3.0665377575848	1.11255794439811
-3.19447270371308	1.21858324389026
-3.06319940978904	0.99690065462099
-3.27869291119612	0.698630618748082
-2.8449310179988	1.33685209971134
-2.85715555538121	0.952096054811928
-3.1855623177595	1.0030869710921
-2.99820614955009	0.954910706290658
-3.66142985166974	0.706040240250139
-3.36600368284417	1.425601622256
-3.1930624962156	1.0333207148929
-3.18230676983008	0.719195590857609
-2.72673886849583	1.08177273923433
-2.88150464264735	1.06271933519586
-2.88468250680927	1.55942905784495
-2.85686179499941	1.21788796827096
-3.01034604656234	1.02656044358649
-2.66754847141473	0.755668855750334
-3.01189052951882	0.964468026003957
-3.00378055896908	1.17676198872975
-3.06401652562748	1.03508246239056
-3.45602598682134	0.719438327454735
-3.22746356446908	0.735151559910916
-2.72799693445991	0.719146539929186
-3.14706816691563	1.0908875046328
-2.96525093274193	0.950216677531859
-2.96551499092219	0.964065169407246
-2.20688729014886	0.723165578045004
-2.98910559729334	0.963597041517505
-3.10584817026634	0.865904957965629
-3.10746495467758	1.05302043656519
-3.03167587199581	1.1654375346508
-2.9958952846984	0.943472054995158
-3.66980651574661	1.45671574635848
-3.01494432180679	0.941078462452053
-3.29368092070798	1.13997040686834
-3.48420027740676	1.34481948677967
-2.91450277862088	0.94163616707691
-3.13152417980064	0.88845533979997
-3.32525882938901	1.62417096389811
-3.33542501717888	1.05992251114754
-2.95655064648042	0.68072044837082
-3.05055157029261	1.01691404439367
-2.90304746476128	0.773852553287896
-2.91149446103209	1.06888862088024
-3.23442672545794	0.907509743838279
-3.13846372057748	1.06060517733
-3.09330245869054	0.945242699248485
-3.18349283818977	0.778361532408858
-2.78755785826929	0.796878513445014
-3.06154947491807	0.946264664326063
-3.17964450617705	0.802346422638804
-3.11353722698033	1.05538960391661
-2.98073017860925	1.07915738632748
-2.7591300890575	1.24335006742646
-2.83797067317833	1.20223128916907
-2.81050409165441	1.05121449620879
-2.90997951492117	1.15452578929054
-2.88314024746598	1.0521482580977
-2.97667694100634	0.924766537372741
-2.58458298055525	0.815282543526856
-3.01284240780425	0.772506662685486
-2.8447929968635	1.19743809286085
-3.18643964315283	1.15852702356359
-3.158456401891	0.809865861448103
-2.53344578046323	1.2587745670527
-3.11461198647748	1.18011328445796
-2.56183922840496	0.633457567985693
-2.82883101283857	1.04811465139971
-3.3517081559722	0.557594862568371
-2.99558311842873	0.715055396030005
-2.91172327900299	1.03472084362178
-3.0501779518183	1.00054220256456
-3.00612671496374	1.01266582048526
-2.78150146618812	0.979997732501203
-3.05164109956608	1.24319415924844
-2.91646078436993	1.06003961391312
-2.90333349650844	1.19500848835915
-3.0605089423189	1.02922220103625
-3.07567726090186	0.929710098497706
-3.05181242675287	1.09930896552117
-2.72708812711603	1.27488083785682
-2.42183703652305	1.39200796145889
-3.57049543157099	1.23629847014583
-2.99728722275785	1.09458877005667
-2.70174726345886	1.12087653112166
-2.66918076879164	1.25127737210782
-2.77708133194419	0.804272021272756
-2.89130945669758	0.809075419451512
-2.96271094973458	1.03147238051687
-3.07835531523599	0.941524068074713
-2.99956440719125	0.999937201764419
-2.99811692526823	0.944538732898963
-2.73355949245214	1.04996864678466
-3.2028310113348	0.788725452157446
-3.19543200562944	1.0158027353392
-2.96873666697943	1.13129040324113
-2.88874301992608	1.02223873284293
-2.65563635583783	0.957359728320813
-2.72911304209573	1.07324929459607
-2.85479796535192	1.024170671405
-3.74708360939886	0.625867784626217
-2.92691150890712	0.994108069866944
-2.84597152358098	0.962001974228985
-3.45538998181376	0.788717854492756
-2.75114245965354	0.766400986406165
-3.10509427160834	0.971176041303602
-3.04676735443719	1.00077569995237
-3.00462968473	1.19668752997929
-3.09843689032761	0.927951724743361
-2.9163878163598	0.632683844882643
-3.20286309100283	0.233403687591936
-2.70530724342381	0.801377979164651
-3.06510002601072	0.820502881202147
-2.88463021483965	0.996202751315828
-3.0313210165357	0.983417317801526
-3.08222097238385	1.06510398944935
-3.11997459457575	1.17003900149812
-3.24427708553862	0.743894071764843
-3.26035567214844	1.42109351121295
-3.10380263793316	0.891767961286585
-3.04988119912295	0.969015508205962
-2.81091403370093	0.939782874295386
-2.8585599106048	1.14430822753606
-3.2762148673301	0.922780121302502
-2.91098024727581	1.22383948916976
-2.64127771981824	1.30538861832221
-2.98374386270282	0.967333983831061
-3.01573678869172	0.984164685420091
-2.29131666729423	1.43811175347895
-3.07850461461179	1.12056366580864
-2.36786424606105	1.37906691548361
-2.78441083766899	1.13002386739345
-3.44542729924107	0.784733408122497
-3.06355490209305	0.933234167336252
-3.54312281876323	0.838366864001725
-2.9996932676384	0.993815092675587
-3.14601432893314	1.28119078427847
-2.93100504365083	1.38404486808479
-3.00755824499421	0.930028047901586
-3.29775804751772	1.14870587788299
-3.00917811969147	0.99885180759147
-3.04242057786937	0.961450111461442
-2.5864853488079	1.22508976673776
-3.07428633879462	1.18047300378611
-3.0125771772918	0.864999784780139
-2.98955163979107	0.992110291727922
-3.39111499574074	1.07908065429212
-3.08506732551416	0.671399479583742
-2.81745095864944	0.849572274173194
-3.07672715897347	0.955292491584555
-2.94002861683138	1.68257529526727
-3.15156263510389	1.31110992241413
-3.13908402644866	0.972580391341156
-2.99971530482583	1.01584531591277
-2.86495684753988	1.20575956745004
-2.91978872629426	1.11201556943017
-2.98168654618509	0.977293336164922
-3.16640632135815	1.02403732339134
-2.9299973955226	1.13658794276257
-2.9035005552589	0.997413950350443
-2.78235219998065	0.97315005517183
-3.42599188839763	1.2005728302247
-3.00074323278453	1.0008804728412
-3.06608738722589	0.987237220787392
-3.16550170599807	1.27674298246969
-3.08109189254142	1.08319632009305
-3.58063214262443	1.30767108920384
-2.74428658142282	0.790686579053948
-2.87123749110981	1.01654224120517
-3.05241437425429	1.08049844943874
-2.82923172847864	1.09589857192454
-3.04536238230542	1.08652296521013
-3.04911763240414	1.20619384939349
-2.94660268831916	1.00602217403558
-3.03548091612765	0.98694536282868
-2.42470797706233	0.834361297671441
-2.81042497904176	0.788631414110238
-3.09699532785034	1.21613815297223
-3.04537054217377	0.654418080386383
-3.14689795847911	1.00009989910964
-2.75539007553241	0.825568849859793
-3.06962307039429	1.16864834636332
-2.95723686102981	1.0007663296953
-2.99252901094089	0.911281374085861
-2.98556658409042	1.11804947440977
-2.47341467530862	1.18824686272969
-2.94251005022434	0.993361477494371
-3.17917857157644	0.903761344687164
-2.71053237867081	1.17476697980069
-3.75973683741425	0.914613606261292
-2.90189841818318	0.878443210616164
-2.46252462660163	0.837370945128351
-2.68885057336179	1.05660726532033
-2.89258861768116	0.937045904173136
-2.87787601343243	1.08523823150736
-3.3275765370817	1.10696396701779
-2.94461194601888	0.94191723297434
-3.04110892045056	0.997691951587635
-3.09113538333872	1.23270753926224
-2.97768903515308	0.941675515907475
-2.89647565766735	1.15224698645156
-2.98708069217748	0.847188367668355
-3.12345782987287	0.955186099643402
-2.86747214171816	0.774098959323049
-3.13128480633505	0.947283668775815
-3.08108532524227	1.15379452460995
-2.9141077784151	1.05424079056819
-2.49428670703369	1.0762357228206
-2.85332908142163	0.810080343130202
-3.04570683820682	1.06863374597676
-2.66864578249082	0.864062885321155
-2.97798370479673	1.52631765531201
-2.99686225879166	0.964821140302738
-3.49790361747541	1.08405935232004
-2.92847955715343	0.929995559000906
-3.21052412919135	1.55302713799822
-2.99329652598459	0.986577028724027
-2.53695840736037	1.34218907928748
-2.95737856607268	1.15336027080927
-2.52323398279342	0.894784918880282
-2.95638928341915	0.98885947553057
-3.26440228519171	0.712963142614198
-2.98675794818713	1.00043127505415
-3.03068579185083	1.06069276143855
-2.46746568290615	0.959334173744166
-3.16412914971388	1.25957685619066
-2.59322245241778	1.0682949983625
-2.87116336665031	0.846797679060329
-2.74023508988827	0.939194098665498
-2.99584230100795	0.971078580577414
-3.30911744976291	0.960705315731264
-2.86666339268716	1.01486134084275
-3.00528056311812	1.01341108033798
-2.91604534437962	1.02746560373706
-3.03456328462558	1.06053027423535
-3.57429202230493	0.279244877746976
-2.99551285605217	0.882082196151421
-3.34865117681041	0.956598462799569
-2.95235299488425	0.758318970497955
-2.55241232056494	1.56689163777796
-2.97719792157802	1.01995440977688
-3.50199305576246	1.31870307639699
-3.06732285254936	0.978691142140638
-2.84937635686021	0.787938356851161
-2.78818710882409	0.873481777372282
-2.9871399117231	0.63105678116296
-3.05876102238474	0.945997831916714
-2.6477688411867	1.09925709669025
-2.86848903714415	1.19342365748326
-2.4425893579428	1.4802016107902
-2.71781609785178	1.00633125271605
-3.03601295083598	1.1319647656912
-3.26669800999388	1.16299147928175
-2.74323008501957	1.46878570713226
-3.04850573017092	0.965851037124048
-3.00028492915116	1.00511569622875
-3.0450795730785	1.20472291406014
-3.3490442852761	1.29236629177863
-2.91002391302418	0.92038828334666
-3.01341051902935	0.862192520274653
-3.09074500268483	1.05970892937954
-2.87016288724989	0.9120109285824
-3.11756759891885	0.945189266850602
-2.45021820436115	0.82287023671681
-2.87191711250605	1.00937301696603
-2.96109787734454	1.12988339154617
-2.87494199974603	1.05596966000974
-3.14766083222396	0.868889854993247
-2.97387586479248	0.98854967242719
-2.9982731280861	0.761643060517409
-3.06802923039841	0.854486841411414
-3.11377201633581	0.919659315228823
-3.14325239882866	1.38026099587298
-3.00750956044023	0.981333333175324
-3.44228026795368	0.905178465375057
-2.99747054403168	1.13390451534253
-2.87130696850299	0.90499377729971
-3.03581437003426	0.972773911321229
-3.00570792438968	1.08641077957197
-3.3621964327608	0.891824373369854
-3.42326242244151	1.04718645221989
-3.13156762432921	1.24842798426286
-2.8097764115609	0.773379634745899
-3.08861796518123	1.07845351193494
-3.10376866379215	1.2133391340903
-2.94526540981324	0.942851821492371
-3.2261944163159	1.44323450822828
-3.02633563173693	1.01224514800685
-2.99234628307209	1.35895754375392
-2.34177761926689	0.609244838133906
-2.97101444455933	0.821047516195735
-3.06963928975409	1.18757934549753
-3.10102999700894	1.35966328303217
-2.96053149332485	0.811532962485953
-2.37752679259937	0.917156470526805
-3.35688948430819	0.926127334694119
-2.77001507805867	0.864487336152966
-3.13927832577214	1.02708402216983
-2.81811940282861	0.928083697667686
-2.87831872687487	1.12345281357194
-3.28863467532646	0.635693786644956
-2.99986119591425	1.00112704140843
-3.09261797447439	0.976865448476428
-2.99744112647808	1.25752350606932
-2.85352255155687	1.06949335362603
-3.39744918257166	0.835596642406786
-2.98163346650657	1.29587492059987
-2.93465093674476	0.935999201720228
-2.86029214234542	1.19591666952608
-2.89015664696782	1.34113079623304
-3.5856114616964	1.26894253267968
-2.84613858048702	1.43050660004216
-2.91125730410265	1.01716966187582
-3.27524686616377	1.12578263583858
-2.57136090422908	1.01431605342244
-2.65471554706045	1.11699831189274
-3.21836760060652	1.13141429284158
-2.99308673212365	1.05688887831679
-2.32519267667272	1.49905865298145
-2.88709962803213	0.983720916031771
-2.97675748139951	1.06336144515956
-3.34920015114848	1.19213605867469
-3.00689977281146	1.01322821025728
-3.22409754183735	1.00942622417788
-3.11381313063998	0.920355511121964
-3.20457204844689	0.473417675202852
-3.00524699288232	1.04271391386139
-3.03870804991364	0.916717304397737
-3.00519506718202	0.995123131701845
-3.36525542656559	1.60745645328664
-3.04353544855949	0.938688218969929
-3.07884943289381	0.970968486644772
-2.73819927335084	0.979913483026142
-3.00176350451894	0.999896661970393
-3.04113607438009	1.17552345232899
-2.84654650035979	1.03576449477118
-2.76139038155453	0.706605796615455
-3.36695408766882	0.402120898955664
-3.12592029379088	0.772555818539969
-3.11897291192711	0.885798149517715
-3.28634163801049	0.644549805352554
-2.57169296636496	0.898030627850515
-3.04502780574335	1.00337885590348
-2.96540058187392	1.25866010862239
-3.17296322193508	1.02383113521781
-3.10577600065661	1.20327043051959
-2.99028090697019	1.02319409388025
-2.89688308711742	1.03616567736921
-3.3873551375673	1.37064388752809
-2.85895736988591	0.913367834829344
-3.04554168277707	0.790386721204971
-2.95051131957561	1.09944407516245
-2.87366409095652	1.39987426265282
-2.95300075284251	1.01913789259261
-2.76992897492305	0.883800110955855
-3.19349199503918	1.48777849914296
-3.21884679846504	0.588832954014591
-2.96668858774362	1.27264076154377
-2.965633595333	1.05310898208561
-2.87638524433786	0.893404063257034
-2.97381968025697	1.01984746872994
-3.34171192703807	0.823526766404534
-2.98386842961437	1.04627210275313
-3.70317320332707	0.928356541710207
-2.99179541052975	0.874925940157605
-2.85602131764769	1.18205406898913
-3.03406149192245	0.746765929879515
-3.08591471780089	0.856798358229084
-2.9127534616012	0.767752111346955
-3.00289637660022	1.00842159483523
-3.18374451379656	1.01676777327949
-3.06008767375878	1.00923707359136
-2.29258829445364	1.67827209351911
-3.07256240694475	0.871171878267298
-3.1277208164209	0.8668250750088
-2.82831214509931	1.14656532347079
-2.73598728556597	1.12880394329251
-2.56540773790933	0.766660103646982
-2.99607921632417	0.927148480978235
-2.80983045813851	0.818058054657209
-2.99177670426973	0.994728840776002
-3.0064663547651	0.998294002545988
-3.02561096066665	1.13826016087496
-3.40128384419448	0.991542559345413
-2.71004901132048	0.685286582469226
-3.06846626174201	0.826975238438309
-2.92645998326292	1.07332158726043
-2.90668602581859	0.779912629614016
-3.01521244172901	0.983717208515707
-2.79936875303177	0.956160383061838
-2.78592216938421	1.24380228463846
-3.081005043363	0.906779527925491
-3.00293291891285	1.39629894396021
-2.63933183642741	0.420372704721405
-2.97077146694307	0.987415599163824
-2.98422644852257	0.998323970449532
-3.0731834318551	1.00616448009761
-3.04595515444841	1.02522106074322
-2.76609570958544	0.887930876249966
-3.04348863244269	0.796224820883203
-2.61863376099562	1.17971508591927
-3.14250206941019	0.999754943758813
-3.20466770964931	0.965378030453364
-3.11652346692628	0.657064266768923
-2.99179408710596	1.00974756321672
-2.79256373725994	0.912244200709027
-2.92495360525006	1.03977464002213
-3.02146795248287	0.727451359140703
-2.89325545061452	0.928144764558869
-3.15204748250238	1.22901276433874
-3.12742413982898	0.483449785368379
-3.03996183172532	1.09091728988386
-3.08953476254747	1.15087339463155
-3.03029459931135	0.991769183993583
-2.89486580067702	0.576832451657755
-2.96429841513077	1.22123164269788
-3.14038354759743	0.912073872705433
-3.34010688501733	0.895618210619412
-2.6333511798416	1.19605553626956
-3.22268618133477	0.716322526386713
-3.47503946133736	0.978261375759998
-3.11655282531324	1.12250839471461
-3.10009734519554	1.23729847890224
-2.99837861044012	0.996589448171422
-2.67582384688616	0.776620399231694
-3.11385113732927	1.28068979400366
-2.56266759744482	1.08072843637237
-3.67654052889889	0.824239343564537
-2.95477522334344	1.03798387221795
-2.90388690793907	1.01089235235058
-2.47476640830192	0.71984607375903
-3.0467096370711	1.12795138474475
-3.08827332124392	0.942443245902621
-2.74723116345377	1.24192808956916
-2.90130113964365	1.15970341732561
-3.18588537188193	1.24196668809261
-3.14687887257485	1.29420594477872
-2.94597616266266	0.767574103578383
-2.8468976468315	0.838893210154644
-3.39459561341102	1.22728030269977
-2.89890486260917	0.95527058983305
-2.8293410476524	0.846791228841254
-2.46086253411459	1.87941825959484
-2.99852619550897	1.07896958117117
-2.61835439926898	0.916163851086797
-3.06531341587989	0.970005098121316
-3.2746120607604	0.905405789640206
-2.65383469936748	1.30264565193557
-3.18407013090449	0.69956911212794
-3.12989319960808	1.15399846870319
-3.08366370979766	0.940331722911969
-2.8680139425515	1.31623452155467
-3.27818781181757	0.708448868847755
-2.89780402416171	1.21318558399891
-2.95420283316155	0.686930391439441
-2.8275471994754	0.711767293100051
-3.26907907957491	0.763447701934363
-3.0272629897196	1.05355579077657
-2.61154657726408	0.99976071083414
-3.31256037108086	0.580867886119001
-3.02963498607227	0.990173990242377
-3.28057692412809	1.29324696626114
-2.97773156640078	1.01844044173218
-2.95900956612128	0.975196226181443
-3.06599626568432	1.13685831989277
-2.96410013081225	1.01508172420744
-2.87114169773937	0.801471222451588
-2.97275623998968	1.10852485462505
-3.14126984149705	1.38850363864263
-3.0150490895114	1.31856540903871
-2.64695599478201	1.28367400928954
-2.88998508521843	1.4359641148669
-2.8842594727547	1.13029911274002
-2.79148560784562	0.937983167392963
-3.38533142601838	1.09786174288577
-4.03164676498918	1.18107171835691
-2.98381941576048	0.732565439198098
-3.21405483162512	0.704027834602816
-3.10009255407687	0.800022306398243
-2.85275264449512	0.967762916452863
-3.23174068958082	0.937116088536959
-3.05729263484027	0.904392296384112
-3.06275932009468	1.01398048066483
-3.02723243730752	1.07672016441985
-3.0189776528878	0.972707246310132
-3.04153146301734	0.916185490493436
-3.19668897680194	0.875821849527499
-3.06095834971147	0.908898636179548
-3.01788756252714	1.15723817272439
-3.29493946009924	0.535004123195783
-2.73800246088385	1.11112943335436
-2.75132601896545	0.708425516438807
-3.05527032976179	0.997908246955512
-3.13170743277792	1.47714627215171
-2.90011186301407	1.18267447659225
-2.94587523972024	0.97299931459706
-3.51557791166696	1.44058609899096
-2.62077429086836	1.12183818648192
-3.46970099547845	0.873439552542495
-3.01291052320686	1.06377310361863
-2.97471188244365	0.888193159928809
-2.96687412711272	1.1340464293123
-2.6140757217548	0.93715645064834
-2.83165873451925	0.860393645273847
-3.66736357319083	0.731332430687682
-2.52403230589205	0.727110899784768
-3.07433174131214	1.55948378949636
-2.79150340362098	1.412212169498
-3.16515014575593	1.01285088053818
-2.37375486487712	1.09125533885949
-3.23870072324585	0.992517374599388
-3.00060340193868	1.31486487596994
-3.48993529200256	0.763733857660279
-2.9436630721449	0.67321287150816
-2.67998433658385	1.07184716078268
-2.76121238741771	0.738705639653176
-2.90405651064892	1.22775953902003
-2.99984708904608	0.999660794263708
-3.16908873244559	1.45287064261228
-2.89790840060628	1.09979563962363
-3.0925025758226	1.00250142742276
-3.19598298419501	1.20895907324072
-3.20377355476107	1.25903699855691
-3.08574204365891	0.659145621441956
-2.86999440304812	1.02791893113632
-2.9446459797729	0.927238732920006
-3.25695459832169	1.0440139076031
-2.53359744831786	0.887712841126082
-3.23317801619573	0.816024329091711
-2.91776149810786	1.05823472158645
-2.83749265986688	0.976425543255665
-3.37829805569582	1.01763565705785
-2.87966313800698	0.926569928494686
-2.89603458227521	1.32478946823295
-2.90718243719474	0.91585364375602
-3.37537390736367	1.1613675720473
-2.85902436882324	0.782661827199803
-3.21872810390949	1.35888435189208
-3.10789190115086	0.686110451826363
-3.03737261898481	1.09573459254304
-3.00501002884536	1.00485449488107
-3.03232399908482	1.01319819256647
-2.88224873103026	1.35773479967891
-2.91616456231918	0.973776777435973
-2.68056940613139	0.532653077897466
-3.20874440442633	0.73795679151544
-3.00686773449977	1.00570186741722
-3.33173612619955	0.851720880669308
-2.7523081797419	1.05953762657682
-2.90620811034251	1.00514610051031
-3.02826655388011	1.24485284930788
-2.1774769096729	1.19770250090529
-3.02834026720926	0.493574356569649
-3.08375337307477	1.2694962528833
-2.83429903322738	1.26412084910503
-2.98274309616213	1.33293676699341
-3.14429232417881	0.967628975640432
-2.9494413164225	0.949201384637392
-2.79528455775654	0.733229845478291
-2.81420337200208	0.875448500357841
-3.14672376157608	1.06504567818019
-3.15046947974052	0.714358106242821
-2.88321580449898	1.12048962492319
-3.15494058728961	0.791656714371815
-2.68963599609502	0.79236317339587
-3.01987304755264	0.930031101609851
-2.70031943797658	1.07566359816003
-2.95734044089949	1.0099728386409
-2.99864402124612	0.939699248822195
-3.27429364520639	1.22900951571966
-3.1078932995261	1.10409390275308
-2.95533800732998	0.71738537424149
-3.04447935985257	1.01575675623371
-2.98234857616964	0.997301786807899
-2.98042800971457	1.04938470709653
-2.71440030221793	0.552424005365117
-3.05349197595805	1.02883243257769
-3.02013465026498	0.992930426257909
-3.01094717488421	1.05118184809675
-2.43339106561006	1.53688072644909
-2.95805306253416	0.900283392863189
-3.01343506326334	0.967535563574671
-2.62741063283457	0.537965544467308
-2.65584362305484	1.06564092864441
-2.77366520121402	0.583928705434567
-3.30646923794599	0.652332625361266
-2.07815590614625	1.52456976473289
-2.70112526203603	1.04582094561103
-2.93551525668339	1.07631533428389
-2.85434637288916	1.35854896195057
-3.00407939551235	1.01008536640336
-2.99641373239	1.19983548334937
-3.15531194586873	1.30846613833427
-3.21808682194603	0.559752400355619
-2.94519527745808	1.03169325219836
-2.88246850998368	1.09165541992696
-3.09765765234606	1.61233157262157
-2.96931005462088	0.957171202954634
-2.83313605755651	0.661900957859874
-3.31044313364143	1.4357470420042
-2.38742302870724	0.826560444699712
-2.66706301689228	0.721557962350515
-3.08136179892701	0.941906490599058
-3.21357094990219	1.27380802332628
-3.25039252497876	1.01464177453516
-3.02821175973989	0.991595672047114
-3.05308632439842	0.740560844626946
-3.04556704223856	0.874229186768103
-2.96910220976146	0.96392108351219
-2.79664404878952	0.820873156651543
-3.06162013207648	0.626736416753635
-3.50935056136196	0.800639348395269
-2.80439957226836	1.1360073985545
-2.96627958890248	1.0490776047777
-3.07826532960446	1.04849305017877
-2.84653615546571	0.699392594377519
-3.38036657934705	0.360687839612362
-3.06118806448094	1.14596314723616
-3.06702728883515	0.972858126684872
-2.96497498236374	1.07221211834574
-2.53329499456906	1.28237401485002
-3.08666032821483	0.820210577930282
-2.88432087673999	1.00365521994824
-2.69508374878098	1.76473522690135
-3.11504391026182	0.599087100598086
-2.90502060839923	0.815083570321967
-3.23668887448565	1.09518651723829
-3.14715526422651	1.00708981783719
-3.03284839400526	0.885145567076245
-2.84642045810189	0.985998675944503
-3.01426758052779	1.01773367564114
-3.35889574216658	0.856030543059043
-3.20246136948775	1.42048126629667
-3.2400015127809	1.0493373764383
-2.92833652868323	0.517652500791764
-2.28876924815543	0.592581363310216
-3.33615666996514	1.27055264176192
-2.76529367715264	1.01225617351777
-2.75294042976363	0.821719269975316
-3.15643471343459	1.12165530595786
-3.17605991048071	0.958500897701871
-2.82259442229872	1.01134510595515
-2.88385989683262	0.984830279562445
-3.06040543310201	1.09490351605296
-3.03368995312735	1.13298905165334
-3.04917161452741	1.00350275201856
-3.26315548537682	1.03526089367054
-2.78969047729117	0.786983683716698
-2.98105209868321	0.943892254364616
-2.74814540904217	0.892180885834235
-2.96619829106476	1.02245957213231
-2.9307565937548	0.978600521150115
-2.96004096336087	0.982924657997741
-3.37860105760356	0.529778965051719
-3.24915489195714	1.03712491569051
-2.97877575478526	1.02741596446884
-2.67240195533928	1.40208391897412
-2.93587198737002	1.05141798739438
-2.85570691695725	0.987415083606897
-2.29547751455657	1.14835731880483
-2.8855134318317	1.36093632651483
-2.98035988845682	1.13673262089396
-2.90498962722951	1.03909858716128
-3.2804846605605	1.26221624967974
-2.74421745185079	1.33605530909007
-3.26780140159093	0.321955584017958
-3.03520276567314	0.862906141571835
-2.928657791609	1.38469930237115
-2.79654628523997	1.04534945579919
-2.9949326167738	0.977823676438151
-2.99612265493772	0.933587263881796
-2.84438262441401	0.839976022793114
-2.95097201050401	1.0029745516504
-2.99216959125964	0.985663812137905
-2.58120492968453	1.4741628168289
-3.24341219873709	1.62376805599544
-2.9682112840557	0.8147818589919
-3.04767457462232	0.758181132118727
-2.43485326824891	0.472002448598127
-3.06851117057567	1.02163963260569
-3.09000229272804	1.01571271211516
-2.55594360316278	1.10850065318885
-3.2345914218778	1.28362088921536
-3.08549913205771	1.0805625071505
-2.84703387802133	1.03859411606527
-3.33792106439685	0.820680588095047
-2.87061276486111	0.965004313432367
-3.304211669009	0.757948176957211
-3.02951552572039	1.25185435627504
-3.24069931157504	0.768995451762936
-2.42602487723227	1.61931540826672
-2.93577044392199	0.970602054071092
-2.99432761323734	0.997465927590937
-2.57516116795288	0.869069209105666
-2.88545135488185	1.14119780740352
-3.05886564340305	0.632456156057541
-3.15301651657819	0.706049973300194
-2.98890125868815	0.927517261842835
-2.97965818846523	0.984609915459641
-3.0521689885391	0.876468791726565
-3.25249601155298	1.21574123141432
-3.01341172085462	1.01859392065222
-2.81322137913758	1.24844658413277
-3.01401670157705	1.07697122384999
-2.95466860760432	1.01561599746702
-3.26694734802806	0.977342752174996
-2.94603753737438	0.805665783396806
-2.85853475066909	1.00838639173221
-3.0033352205448	1.51002340633028
-2.77884081814649	0.780601093449529
-2.76898151806643	1.16456624675351
-3.06592778895969	0.81105659178442
-2.95803772203733	0.644042381314608
-3.39519784260791	0.860569773291742
-2.97362921945697	0.964899595049011
-2.73094553295597	0.769256364951376
-2.84306354162543	1.21740643481995
-2.8635875328994	1.52533280312741
-2.90711401827474	1.16250606708879
-2.99287389287383	0.795453480459646
-2.95575534952551	1.03672162160063
-3.01402915804959	0.872697073583379
-3.60426246941835	0.890201544472513
-2.99696800330676	1.4537765645089
-3.19380980373903	0.604162115041045
-2.79793468247914	0.653039971181204
-2.80681032067725	0.789378785943209
-2.95749851597651	1.11653174219549
-2.85958067589782	0.940319812015531
-2.97217612614522	1.20219825785653
-3.42942646324765	0.673248877581145
-2.93387387357218	0.846515264305238
-3.14498661481251	1.22549330254082
-2.96135925163292	1.0460443065024
-3.15057055719021	1.35559495701116
-3.0266360533214	1.04905615654514
-3.1103119708168	1.06916994149807
-3.10010903007683	0.989914500482771
-3.49146900286192	0.79578074910433
-2.9602868933526	0.83658881213566
-2.92747322151573	0.865558820678807
-3.01913694486884	0.985829171674751
-2.99179344452236	0.951538073757133
-2.6613131083512	0.790407125928289
-2.86402044048887	0.997097105911382
-2.90765911568453	1.14724280942751
-3.38836779975594	1.15406034246827
-3.0013838816399	1.01126333572929
-3.26605235516321	1.24545831364345
-3.34256072564437	1.06126735158408
-2.87611312867772	1.1806317546592
-2.9043897797514	0.808942990313741
-2.9375479864894	1.104687211427
-2.97789173990186	0.990556615673232
-3.24254513126713	1.08211075787267
-2.94665073144251	1.36521407162683
-3.16486450913395	0.981237419872132
-3.06309992855076	0.762307686736193
-3.33787249243536	1.41912286033278
-2.80372739145164	1.35385142975857
-2.98334503559845	1.09339493914486
-3.03683534626993	0.954374533460483
-3.53571694518874	1.38145344194446
-2.41795524896908	1.04469109697536
-3.25983940275487	0.994173942206338
-2.96774117005496	1.26469678981177
-3.16585350383801	1.48948560672934
-2.91619691566766	0.991192932139769
-3.11033571094433	1.20693084594368
-2.88546673834472	0.438862322027297
-3.64030417566427	1.39824097278361
-3.01779988841025	0.863770054375154
-2.62594927974731	0.418729916878444
-3.05232862072341	0.840712418847949
-3.23367932029218	0.930561651694911
-3.1627754727222	1.05133551797339
-3.32350310841307	0.909873639335573
-3.01755392151366	1.19958392147972
-3.13922070225974	0.884311836576535
-3.07112978546621	1.02324414476667
-2.86262496980341	1.24636912599461
-3.08799883154445	0.98632802624827
-2.98956595884352	0.970057622393029
-2.87666216949199	1.39340065144603
-2.8771270934788	1.33315966424837
-3.01197433703984	0.716521461769693
-2.95630106733877	1.17708682508611
-2.94704567404535	1.04710254887607
-2.9586364992459	0.98973627936569
-2.6102307200716	0.698858846251015
-3.00101709675151	1.01719229629373
-2.91740707253487	1.00195340751926
-3.4903304620581	0.78440022752186
-2.93647458828395	1.01692512490352
-3.63957926124958	1.22710081927599
-3.09738448101386	1.0183281767918
-3.5092203746881	1.61349689774889
-2.82575500194127	1.01537030985425
-2.51084529329459	1.30695542406322
-3.0323921050776	0.903951418843912
-3.05850155312576	0.995992721979059
-2.98388397594718	1.33552461044457
-3.0326953322561	0.996037761768995
-3.0241482714602	1.54661776624848
-2.88618023350856	0.616498209084839
-3.65342606543429	1.36050484088422
-3.05059099688331	0.986128385032871
-3.18783897235005	0.957449915664602
-3.11345117234116	0.673952196963223
-2.81188866621947	0.997383224852021
-2.98663899511127	1.44696492209693
-2.99316729895421	0.966364206915682
-3.00355819758836	1.01087113947562
-2.60759999554027	0.566274794678192
-2.99021763316545	0.961278961609702
-2.43875917839077	1.06909080676043
-3.0177783530897	1.23576178014764
-2.68165985898761	0.80131269628995
-2.86422349130167	0.898468829716569
-2.6838961150828	1.23670063519415
-2.99653752113026	0.9981880125455
-3.07376342330394	0.86217300777278
-3.48681838103208	0.71212860306964
-2.97467220894013	1.08035084142088
-3.17170635378152	0.597385740434169
-3.16481140634961	1.18283820835583
-3.08708794093707	0.960591371713425
-3.19412521491869	0.671155997871163
-2.8364546047297	0.90287128268499
-2.91969921010623	0.849119233859362
-3.10406914019393	0.991048643920446
-3.06141591394995	1.06853354725481
-2.73864344702321	1.01943637197875
-2.94392614994404	1.04096003234416
-3.29540288805585	0.571032197139905
-3.34150459120525	0.642782345759924
-2.78753095266517	0.997627295596888
-3.04772622299771	0.984350222163237
-3.02684845534508	0.987414049131213
-2.9781261783113	1.15036220619406
-3.00674371987923	0.991563876955425
-3.0297197793098	0.823562009285978
-2.95413939786551	0.939808738422067
-3.21840253452029	1.30664529283224
-3.24508050233083	0.698168513372974
-2.69169836635332	1.18219572293098
-2.97654844461272	0.996188916441801
-3.27082608674012	0.94112521639074
-3.03750563305214	0.686999063281944
-2.75531682556971	1.13507247778589
-3.02272405086756	1.03970556997652
-2.88745761145451	0.753941233379814
-2.93187735953989	1.08424069532677
-2.59889568031624	0.498398014481038
-2.98248693435813	0.799466037920671
-2.96599910456573	0.993203862667964
-3.36346015471352	0.769139143897463
-2.87030561005769	1.09976383533782
-2.94924007898788	1.17607216876383
-3.26333210278796	1.21764995435667
-2.61678701070111	0.953657680988015
-3.25834800756233	1.08783750302045
-2.52284770166081	1.24532177834488
-3.03335278260297	0.971082018241109
-2.92579187385217	1.28393858000346
-2.95678194722032	1.07539341874132
-2.83687388310596	0.72964708039858
-2.48154504700155	1.0080778320417
-2.57254568741026	1.42451950585655
-2.92835512053121	1.05091314485966
-3.05703953115423	0.989367466404858
-2.98930474677163	1.02643872861208
-3.04506334429084	1.01047396872611
-2.98389649846255	1.06636729752886
-3.02937475401689	1.07464403730114
-2.85158517719556	0.9351891400928
-3.08167900061278	0.974411600370655
-2.96844886996276	0.962301708413575
-2.55252607016515	0.948383904012898
-3.02564076943352	1.05381226223318
-2.81638087370349	1.06658924070138
-2.90782858260987	0.890761192796064
-2.82241928157895	0.973238244029623
-3.05388272750249	1.00408801119545
-2.65349680949788	0.821071002654166
-2.84771752309956	0.602727315268893
-2.73709539625006	1.27346665996601
-3.14023335663165	1.06451997942526
-3.04446344249898	1.35034067897247
-2.8369455374265	1.01283529998298
-2.8909606716647	0.946987986178362
-2.73144059409015	0.278140882049473
-3.14714266062063	1.3778076813017
-3.42585281536145	0.688145480562808
-3.50801024571791	0.965498207889796
-3.27144169794603	1.01447305183594
-3.02712731685217	1.03025298368993
-2.7932375335253	0.953392677050516
-3.05353570993067	1.36872798516031
-2.99286519553543	0.949306499839475
-2.98712517326834	0.992040166012747
-3.05264877661887	0.579124920045881
-2.29016702779649	0.742153242932469
-3.01730959513195	1.02139866462932
-3.0078214224715	0.939330381013484
-3.16323587342828	0.761837476853293
-2.99904286251456	1.13330682042153
-2.903418337699	1.1331575517966
-3.00406674974723	0.998791965170335
-2.88901047684631	0.481588638616793
-3.25606771099818	0.533747979692266
-3.04916913763668	1.19901772187761
-3.00416842569566	1.05530206586536
-2.92498876771981	0.992299228565405
-2.97920309611844	0.972535226219928
-3.00337714715285	1.17763882115507
-3.23011202089851	0.910661582948651
-3.03153906658325	0.751965343820157
-2.27170412271119	1.13336473838103
-2.90118971970764	0.997159626687606
-3.27002369885043	0.524576843819919
-3.01935400360534	1.00953583064792
-2.946689375192	1.00300158238376
-2.8520006712634	1.04284566975234
-3.35218872915404	1.47843248846074
-3.04163490951145	0.957234024485745
-3.32867533637371	1.26421579733575
-3.34808424697179	1.17295630366645
-2.61508087282601	1.17018840952789
-3.02718668451056	0.598398735398315
-3.14067250204781	0.963372563407296
-2.95553865179311	1.03133197204811
-2.7667996217065	1.17358733755168
-2.81157097548983	0.808630951667609
-2.77109080911768	1.16026899796104
-2.83390032708536	1.01774640602081
-2.71849502606196	1.04556524589382
-3.01449623898902	0.941430998246829
-3.02388078166196	0.905083747718696
-3.08291862633656	0.759515838323404
-3.14981611500286	0.930293009473723
-3.12025902076799	0.832054295217609
-3.17071410451183	1.02188668528784
-2.86198372603432	1.02527051286244
-3.01322302359493	1.01373090638483
-3.1869627264636	1.3593248703667
-3.07260397353373	0.987697046843855
-2.97304224708583	1.02780466313557
-3.08128317041825	0.824940036247373
-2.88312786164966	1.36122575992486
-2.71248305452217	1.37622200099784
-2.87947140267672	1.07707854631571
-2.7043991987903	1.04177286530789
-2.91573457242477	1.03561202162663
-3.16611136805736	0.364204180081072
-3.20530974370523	1.12429010807628
-2.88270874633204	1.03544754527444
-3.71218407351182	0.834555051067912
-2.82474017272879	0.9823791965238
-3.35653909568826	0.441628109735608
-2.96929118125544	0.952207563575595
-2.37322244203121	0.988038474590429
-3.42521819140212	1.00683766784454
-3.1143775606392	1.0199067873822
-2.43831009981861	0.638585529420129
-3.02832163716502	0.601043343495506
-3.06243779960021	1.07611994504909
-3.0825091514113	1.04923796225342
-3.05854152748317	1.05647801648945
-3.04513422171372	0.719274144255403
-2.78717988416802	0.676467824034737
-3.06444050152894	0.897957910443264
-2.94862204734373	1.10696766931596
-3.1009716462857	0.967627023989402
-3.06564444888775	0.983266930176412
-3.06686050681409	0.945615180193589
-3.03773923460865	1.12894325613677
-2.93876741151077	0.568346843036087
-2.7875145622412	0.856611102109193
-3.01622833502543	1.0091724574182
-2.80367427144042	1.37174320006944
-3.19232346201403	1.15946739484144
-3.2426859172579	0.827767213377934
-3.01699582336005	0.942638273312365
-3.05516728323153	1.1020776544939
-3.03586441466394	0.763417574614922
-3.04336749037112	0.488051485938033
-3.12968467330837	1.09436019369806
-2.46000804070397	1.45892265056031
-2.96104609668254	1.16342459134309
-3.0091155446045	1.03887919355409
-2.68730683515152	1.49427384608405
-2.85278444115319	0.932244585359495
-3.11627246428038	1.15727978449521
-2.94260408233369	1.01668286769778
-3.06582304518215	0.863256677932069
-3.08943912204087	1.4523545327979
-2.97081410045514	1.04574581073511
-3.10942479016977	0.981702045235113
-3.1246730722942	1.1500537808965
-2.93813858869524	0.756392985216886
-2.99939473817777	0.999509756225253
-3.16222135055407	1.15381758869043
-2.87347392659272	1.10356452370485
-2.805114155965	1.9304547693404
-2.78319115995006	0.724410847883411
-3.00973882940232	1.03849205299776
-3.05915480792979	1.0982996562382
-3.20606204395585	0.864312822796534
-3.45319602223586	0.666409738518147
-3.04306473472324	1.09921480513162
-3.2464891349725	0.845153378949052
-2.96359063160463	0.9457706319623
-2.66907853786232	0.782876382941416
-2.83668355547485	0.91825971637119
-2.99226324515447	0.982016039126807
-3.0019410811002	1.2480246026378
-3.34602069417564	1.05562762122129
-3.02812175654092	0.857946844815294
-2.895392139463	1.08222244940297
-2.78540414084495	0.596268929829261
-2.73484494344746	0.677707016603097
-3.01628656340657	0.985185025996327
-2.84401135736408	1.37062141456563
-2.77587122181769	0.887746638011528
-3.35994827052839	0.767926800456475
-2.96912298999606	1.04931938203862
-2.97389443280994	1.04366382513938
-2.99364161552552	1.0095631830717
-3.38426241232175	1.24722549887882
-2.97216473955488	0.900332834499812
-2.46008894362881	1.58476741017128
-2.91225066209239	1.11274748019709
-2.57243819695519	0.633522638466607
-3.00050676362514	1.00176564067695
-3.20190354219468	0.531879236179618
-3.00856716977175	1.00547408803332
-3.57219450915658	1.05773531833449
-2.89337542613424	1.14487457957382
-2.75915331130802	1.54015374165048
-3.34550898243254	0.770740175987597
-3.08000320735869	1.2469696046823
-3.65222299089463	0.780555839858372
-3.09838643469991	1.51858704283469
-3.04675110927887	0.73433425326789
-3.12943701058794	0.763440811525689
-3.08881805092234	0.873401839033095
-3.16425438021637	1.34888988013246
-2.7260055408387	0.924704449236986
-3.06717503559431	0.898711607685618
-3.23353711949536	1.15426295976535
-2.87777498796797	0.287856293976722
-2.94700660768797	1.01495149867665
-2.90281218020671	1.03242860075988
-3.11556283431507	0.920458463414524
-3.16133236286603	0.99084715035752
-2.65808764579393	0.619394177059495
-2.9249649431711	0.770365305135943
-2.87526849531357	0.277170207533942
-3.19591644122901	1.05635322231107
-3.03416019947319	1.06250071173861
-3.0499753984285	0.708084329566746
-2.74325919789423	0.973677185540437
-3.02932593468552	0.917644084166476
-2.86476858734737	0.719115694619728
-3.35754799282059	1.03605850737284
-2.5990570952944	1.53708327629305
-3.03477211067704	0.972578055274108
-3.02821674715741	1.07507213197246
-3.40810221481238	1.31667151795714
-3.13499373727588	1.03328226802516
-3.29515882021157	1.14725090691411
-3.33533254594709	0.818888267365206
-2.96475854476512	0.671067326228649
-2.86344384136773	1.08007375018233
-2.94415080477115	0.82542553194197
-3.09399579305194	1.01776626851368
-3.12377651885026	0.998459657508771
-2.51482884234464	1.04246291892099
-3.03424582222722	1.00390631226809
-3.121647537588	1.01957066758072
-3.21252314994495	0.954241823464901
-2.97570222290863	1.00238209447168
-3.29886693203749	1.335927640606
-2.9691266229046	1.07787136886079
-2.98744829294038	0.854623295406688
-2.77750361849498	0.46441523276431
-3.003014011073	1.02906740780956
-3.19617747541881	1.09023568192382
-3.06140731018696	1.08559630012828
-2.96259665837228	0.968940880784902
-2.93707214038568	1.09496338408365
-3.18400177145381	1.39079710966546
-3.03385593522399	0.766813569445559
-3.11818611727536	1.06910846244099
-3.00423799750788	0.92910470616091
-3.26863877214221	0.953367340637857
-3.30746833670564	0.620770282020768
-2.93659746998682	1.03634226965691
-3.21969068423322	1.16271998229278
-3.08176479122135	0.985865363629935
-3.15969069021186	0.382359276249151
-3.09771071457563	1.02216299408331
-2.96131983382733	0.980262178860416
-3.04957643127995	0.956531384711439
-3.12419133420027	1.04039590098291
-2.97423585102536	1.04270123986917
-3.32819506027308	1.17420570263044
-2.70815030054167	0.745869585842562
-2.90810592211541	1.28225549448795
-3.02269701650935	1.02345787760205
-2.95166230257164	1.20291123786913
-3.01150940688296	1.35966836883774
-2.92575070539702	1.02586911640569
-3.02402757585822	1.09701565346348
-3.1665608433563	0.942067217587964
-3.29151277668027	1.09507377564019
-2.90495322178004	0.971232138016504
-2.98119747922864	0.791175315103559
-2.81695845010848	1.45409176632836
-2.93103046999659	0.979072390677637
-3.06824757298744	0.950348490960005
-3.04175142831264	0.981138257487353
-3.03649646136123	0.916329887054318
-2.93109978213706	1.17031467747348
-3.01915467992273	1.09628915281152
-2.69513631140669	1.2868491315318
-3.22623479360483	1.36552808142852
-2.987962758853	1.17331380492248
-3.05773300920915	1.14578111379779
-2.92742232931657	0.695363592992608
-3.02276445629186	0.996980728664767
-3.11556358141423	0.858898202820954
-3.06056045681291	1.10023697428779
-3.3043166216477	1.08451606892244
-3.06040221333504	0.707526309828591
-2.97017392520744	0.91609358740492
-2.89494511488263	1.1096496634792
-3.75642083199393	1.88931247529369
-3.02713505287167	1.03825315630267
-3.0573180605986	0.917027873552127
-3.14601782750866	0.971481879236338
-3.37679167945548	1.22428614973099
-3.3935937805302	1.17466477304642
-2.72005943482559	0.91492764675205
-3.14186107530128	1.29424999540658
-2.35734598188926	1.09211675109876
-2.93603568877658	0.903495370487109
-3.1657790360535	1.05294043246497
-3.04721448529174	0.952499580482438
-3.04793896686842	0.893928207982521
-3.16688760544453	0.884943847024809
-3.15980241193727	0.982606039946963
-3.02421520306734	0.579712881383341
-3.29086164276529	1.14103030877786
-2.87510012750417	1.12467361772402
-2.88950391170729	1.07982338556383
-2.44187248920718	1.06996984473178
-3.50232921603668	0.734110278657332
-3.08070685824774	0.78191173720007
-2.88129771225032	1.11027757464491
-2.88837654833144	0.974965205319512
-2.88924041816659	0.8217324029919
-3.06707390299235	1.03847175706979
-2.53629691813608	0.630791230069653
-2.86113052684421	0.929173133636802
-3.05751741416826	0.907520310907611
-3.13125949595811	1.13855314357084
-3.04155086003892	0.829862129807876
-3.16132244866942	1.12676652697544
-2.68960899835717	1.10087514899601
-3.30038232781299	0.77250587274955
-3.3084658613519	1.1211193060901
-3.32253109399411	0.898496424236527
-3.66124019114733	1.03435032497493
-2.91129643546813	0.591997093502964
-2.82508053504375	1.02239114301873
-3.09771043521966	1.38329562005047
-2.51852877961047	0.978981828796951
-2.96051488496255	0.962613670260001
-3.70792499643739	0.625636352226721
-3.17431542926723	0.824528167257953
-2.48918474335825	1.33787320141148
-2.97463306260009	1.01870482801307
-3.14317265048211	1.03129209038292
-2.90253513555015	0.81830760873076
-3.13543436658834	0.919133002849533
-3.32484328773598	1.30668905389556
-3.57082931048717	0.687838535726993
-2.95748021971164	1.04074290259017
-3.89894679180451	0.970235174067759
-3.17281101342086	1.26512069818572
-2.96327571430754	1.02055969868042
-2.69897146163267	1.23277545072382
-2.88978861091798	1.39617372728208
-3.00407201502345	1.62975728504937
-2.99903754027328	1.00232996328653
-3.0422674834754	0.938275574791101
-2.94125656538221	1.06523511293408
-2.90209540160818	1.07397273026886
-2.94596218861772	1.07896357072486
-2.95362326728167	1.02503290988941
-2.96462582537906	0.805041079001419
-3.01934048273513	0.999318147307764
-2.91728698463499	1.02102764035985
-2.67573036244346	1.05143372819284
-3.06934428559218	1.13477200030946
-2.915906026279	0.971943646964133
-3.04440524649957	1.03391810476274
-2.92643953070542	1.05290371685775
-3.22971178870099	1.79061615647466
-2.89467689322176	0.771520522460558
-2.99046061624033	1.01107684363948
-3.04368194544632	1.80950061166566
-2.97199862663883	0.991156363920823
-3.00755847638798	1.00534721990932
-2.77872752618186	1.02130210286015
-3.05376275884581	0.897094594759943
-2.87003026377948	1.06291417448114
-3.09071938092187	0.950290863236263
-2.97845431038079	0.959095425592514
-3.05420406742506	1.00317376127231
-3.13450663203293	1.6101162348924
-3.03315659579108	0.976854211830124
-2.95585278608634	0.951723351308664
-2.90122800721002	0.681442660425531
-2.82703253326645	1.18448470050178
-3.20271919376414	1.35169228350499
-2.99754516217879	0.824903169038143
-3.32393204898468	1.18793554324313
-3.9408277231168	1.23911551791156
-3.28893922837042	1.19406461797449
-3.11431160957479	0.950788243862781
-3.09673412652039	1.31676130967943
-2.3526939327161	1.42211083205409
-2.84018723204816	0.911510499217611
-3.03844381725474	0.842232427274052
-3.10945055052238	1.0955803558857
-3.29036731079037	0.859393603392689
-2.98310265644172	1.50649156713585
-2.84350353583464	0.875925303069243
-2.60563667356597	1.03446780857522
-2.9010509249204	1.21178607540479
-3.02447597738323	1.07147610592516
-3.1551384593675	0.849340164829437
-2.71058990365673	1.2493568233019
-2.5038465004122	0.602082045721703
-3.31049634832242	1.422557537391
-3.41454100075136	1.1080000954135
-2.59201922928061	0.983808685551495
-3.00702551570992	1.37917914041623
-2.96162088036062	1.10967406290116
-3.08804853743123	1.02330775265091
-2.90184705006599	0.809702361626731
-2.48615494814431	1.36818569270019
-3.16186040660905	1.28043002513191
-3.10967537216601	1.15373907210185
-2.96392815311531	0.554771805597732
-3.02725711446266	1.02175665233941
-2.75538357612151	1.05697058472412
-2.57820629630871	1.00262346438297
-3.07210674290782	1.24261012094655
-3.00249539814996	0.999196862884794
-3.01558037309841	0.984791448596427
-2.90697996704104	0.798029303518987
-2.95329669450984	0.975281731950026
-2.97239358187604	1.01318105662512
-2.99925312448291	0.997816705708547
-2.99243221229985	1.00062635314344
-3.06762567337598	1.1002482178268
-3.04169526905208	1.11513438128047
-2.84027887194699	1.25266192012317
-2.62654929845969	1.03642337790478
-3.28431628413555	0.649335010133211
-3.02247828434712	1.07305857331138
-2.79532225206871	0.684101683332285
-2.86710889368831	1.3463914590439
-3.51809035750545	1.1002227420696
-3.12018011105529	1.03571126261091
-3.07491948331824	1.01406429258273
-3.17067129203407	1.02719835275284
-2.98317559430253	1.06768486251027
-3.08877299414275	1.01913297720789
-3.03644217836071	1.06522298915325
-2.95879099151276	0.743922669117718
-2.95709751495535	0.74432903745033
-3.11249212239935	1.07931412883676
-3.02607435497144	1.0477308901317
-3.02314582577064	1.2492085249018
-3.04128637323823	0.955238733425581
-2.45679188355714	0.306789780905383
-3.04594142074613	0.749557157792136
-3.05430503597494	1.03808623789978
-2.98529647262728	1.18140717842788
-2.979580871123	1.10712624185878
-3.5688282439446	0.890528285954765
-3.0004773485487	1.01311122443306
-3.56110104244619	0.952557775962578
-3.10672724174455	1.04187959307981
-3.09089390539999	1.27204120404552
-2.60002340404202	1.21027901394889
-3.16485127972483	0.745788502958909
-3.39548158273515	1.40209673732525
-3.02822318639443	1.03273791665483
-3.33608200115888	1.40491865964235
-2.05163941015219	0.74130843376921
-3.06220994680217	0.942473182799397
-3.01678558900653	0.954913020771196
-3.06565297630393	0.905403050704143
-3.44110171482375	1.34083680799482
-3.45976884808693	1.06945651808785
-2.77931005026531	0.781774217067419
-2.94494494194024	1.05663146191623
-3.05535447909877	1.08331607412098
-3.26467310739463	0.67794366968429
-2.49400034939251	1.08506987337858
-2.9920257892974	0.99020249634103
-2.67220187425122	1.01559986001394
-2.8402002866139	0.647298862089968
-2.9304938664338	0.929186539929696
-3.10000658558686	0.994465331151861
-2.84175001245586	0.998140134868351
-3.26983622414977	0.714375422519967
-2.93010014408653	1.23667196694111
-2.88481550818538	0.91033848974852
-2.98647633374647	1.08640842316105
-3.12677575271847	1.0944007783316
-2.82588479882067	1.13458442251505
-3.16208827235554	1.01206315894946
-3.10668061719176	1.17976497086391
-2.90594561495206	1.09430063277929
-2.89922074427959	1.07823954147279
-2.99760447858667	0.99470450450432
-2.93844122502679	1.11549538697107
-3.00536025560201	0.987904395727856
-2.78068432050956	0.863133976392584
-2.78685859764231	0.872916645701805
-2.96157703909598	1.1415325122454
-3.07015779583059	1.08997102154371
-2.52224664077614	1.04890516932853
-3.52114306499664	1.80949557891372
-2.96292875654809	0.804071682548877
-2.76764007074382	0.93591611771026
-3.3108432082541	1.40401169193609
-2.89802805590579	1.14997066479544
-3.10003730956092	1.10501189504741
-3.2437982554973	0.968198822781056
-2.80387948329616	1.0841431827728
-2.40699800149546	0.834844518891082
-2.97755582248881	0.97363968765086
-3.12219288784054	0.990827920923173
-2.65782086163228	0.606567937703802
-3.38760309825622	1.31486979988849
-2.85430552508112	0.879753543082685
-2.99653538329448	1.00282979149628
-3.1330843999795	1.57569037371563
-2.87229224095392	1.07701364733284
-3.05332385550104	0.924511629470849
-2.86092630818819	0.872557902121432
-2.96949352433256	1.0714571544336
-2.98479765299199	1.03933890698575
-3.00104767797304	1.00070564876811
-3.5861611917072	0.81559317767632
-3.19724372872978	1.15374056137901
-2.89284251844125	1.12962363397701
-3.21426745958296	1.07218972318684
-3.0765667171796	1.12584107269048
-2.80765764602796	1.03328172832748
-3.12468975240113	1.51021847341826
-2.99607831820147	1.02151170650105
-2.76245907079581	1.42903721697463
-3.19948757598658	0.679447327876458
-2.79210700108513	1.11748620466701
-2.81620216934942	0.72778287082452
-2.82798261689456	0.715779646486833
-2.98951534316751	1.11726433843642
-3.04556449231527	0.729105858297353
-2.98852692500743	1.00448275754251
-3.04254916644022	0.840083393556098
-2.53631975778918	1.39069445974657
-2.99445284870171	1.6584684676087
-3.14736490616012	1.20312816788399
-2.8550957722097	1.06318700036898
-3.09289358102748	1.06452643280206
-3.00307351863968	1.02411286779151
-2.81297101000124	1.33655535843754
-3.1952043062214	1.6499573881822
-2.61842345616803	0.833041623171347
-2.76535302596432	1.26908188717875
-3.00694635346046	1.19751139507661
-3.2364154518435	1.28883058477928
-3.13760527596024	1.06223569549428
-2.71284068976304	0.601872184011325
-2.92943172399733	1.30682251300769
-2.97945085501624	1.01877875672346
-3.0514952205855	0.952570325680106
-2.96302351661666	0.934799783776486
-3.40311494435915	0.874559101150834
-3.23314420971205	1.07049177629571
-2.9712895109823	0.964635248112211
-2.99404326073393	0.97664020721533
-3.14879388642484	1.31687340393265
-2.97599799107778	0.915633953536171
-3.02869084771719	1.08076248067305
-3.21608960363143	0.793859139303219
-3.05907149984061	1.08713555829115
-2.80995914832059	0.527262598331926
-2.94289082259203	0.845846686094789
-3.19244182066131	0.856744131152828
-2.94218761916847	0.817413275748394
-2.68658101477694	0.865184798974509
-2.82334302475582	0.715631226136839
-2.92519365292159	0.999712589263765
-2.99562959434975	1.0371622784564
-3.00667699502157	0.574036763413244
-3.00283368011547	1.17279399297365
-2.89935251730091	0.909098574989477
-2.99818172100292	1.01065168563431
-3.14603049820116	1.06207502488847
-2.81552830960505	1.11259440401956
-2.89039687418843	1.1276711170469
-2.99437329694984	0.893238406855804
-2.85373717530553	1.26723000861548
-2.78377232650839	1.13089254728477
-2.9552420673995	1.16823281616606
-2.99561793201348	1.02574780481865
-2.70694665168534	0.912724773766209
-3.01059897052721	1.11554862874855
-2.96701415664153	0.969823022066337
-3.3002290840256	1.16363042767582
-2.99363681300562	0.966280109641923
-3.18743732457789	0.900992437122292
-2.67997481852726	0.43040439416563
-3.01969315881648	0.972163861387778
-2.83405081661749	0.769337580185352
-2.90147149941619	0.796612777860548
-3.01994333773343	1.1232544915113
-2.82007186875383	1.30132936090491
-2.61484393815604	0.74027703953812
-3.0139322984088	0.948772264944149
-3.01003741028472	1.00850559245921
-2.86847862856097	0.965822113424065
-3.16275903697252	1.0218686262323
-3.09718839428905	1.30683575317637
-3.04257107361972	0.950836628409967
-3.38212362359151	0.989896711468687
-3.09725062481485	1.2431908732508
-3.2768877132741	1.12050496510868
-2.96090564811513	1.03907445295329
-2.95596625776623	0.830262727880424
-3.08459972963812	1.21213038320014
-3.79445012218072	0.353817153547048
-2.95682957498132	0.797637286485604
-2.78965933760471	0.70493062663969
-2.97616817572354	1.09073549075684
-2.51723704276515	1.06294183290274
-3.17766596269519	1.1292160281686
-2.79788484565214	1.11273258565901
-2.56565436037189	0.720634167974507
-2.94294843416508	1.12603516836484
-3.0519399338902	1.31270634623581
-3.06524602740773	1.05895201660468
-3.35705319395643	0.963753282601203
-3.07264744680997	1.43368465408349
-2.98493789431037	0.755117467928772
-3.198355348257	0.70378872092265
-2.99539015600469	0.991460466554266
-3.2233689340588	1.05585191570449
-2.95269210245176	1.23155736697429
-3.08442424353789	1.04757280628809
-2.97497859481215	0.852707634965292
-3.01733072551296	0.984752201780005
-2.79381783697765	0.866539990577815
-3.19072737762508	0.746459647321966
-2.95031556295856	0.947351586902113
-3.33469108630052	0.701909646128081
-3.08930050086429	1.22981282785649
-3.02084544116693	1.04576718010324
-3.42345246287098	0.652277797987827
-3.02644798722516	1.02385243918959
-2.85660296898642	1.04285278431499
-2.8346095646684	0.0656069098349794
-2.99580778355424	0.863995043940573
-3.31452870300678	0.86309602615838
-3.01812411751102	1.07526417315217
-2.96193703176097	1.20104373123664
-2.94429928276555	1.16896552582934
-2.59650931086537	0.496996636870611
-3.37329367830198	0.790384056350328
-3.25025892436549	0.61423679373646
-3.38776167302214	0.767169341185216
-3.0725876161763	1.16844431993765
-2.96591186394242	1.29838332755458
-3.03739425639071	1.07619329069794
-3.14979610774102	0.856134416067273
-3.20151706619617	1.26441366617184
-2.95691572105188	0.88240636025419
-3.16505948361048	0.983931675148483
-3.01009318329948	0.965916368423255
-2.72353952830772	0.651959823517241
-2.96122235623101	0.982266423508661
-2.81382304048298	1.12505303345878
-2.79940046676598	0.893607080418301
-2.66454121942493	0.770120076768303
-3.46871999069396	0.796519759451135
-2.75450557431145	0.950664105456081
-2.8753862683645	0.833186017868838
-3.38254364400095	1.01493093851229
-3.05579385780147	1.16945807514408
-2.98716281617937	0.888925788514001
-3.06217214206613	1.28084627727481
-2.83446008071462	0.952989484473208
-3.01000979571522	1.04811538655328
-2.93358936964219	1.07678621802399
-3.04401098239408	0.587323391205922
-2.57736363321165	1.11613656543136
-3.25612951219875	1.08198338628906
-3.19934531933955	1.17091664369717
-3.03454229794094	0.90912184316272
-2.99619038616994	1.00055923841894
-2.8131084805417	1.36799683527188
-2.83010113616589	1.25596988327915
-3.33805097395738	0.858727595923191
-3.2165427913233	0.888692562143503
-2.75764539939458	0.738074060170072
-3.06374313965357	1.05182212302735
-2.89017971808914	0.945622057993491
-3.35053434400707	1.1109078856073
-2.94740463981641	1.10546420107582
-3.66713801386231	1.23283527669764
-2.93840879621548	0.935240652785024
-2.6906084418504	0.812179058576369
-2.94771400167035	1.03474732584195
-3.04258769209409	1.3900109234166
-2.84567329214407	0.926291396291845
-3.15373204782227	0.651482346463301
-3.57797520310475	0.756720835533626
-2.89004666992097	0.730872253137628
-3.01974375324026	0.753017622665058
-2.88813895393489	1.32433930431346
-3.0367152773644	0.976897103488144
-3.75838049956583	0.963662745808624
-2.93217759735557	1.1851086163021
-2.52839733649127	1.15870627478272
-2.98626379769998	1.03260272133206
-3.03296681672819	1.45160349020145
-2.90279090238297	0.97178508768321
-2.99676943601465	0.985922091597072
-2.90813955872993	0.896046516368182
-2.6624062695282	0.794651981382825
-3.32613111967859	1.05678813965409
-3.0179504156447	0.933847688993128
-2.71211905866715	1.45290371142781
-3.08398384662032	1.12931214852072
-2.89730796628627	0.701601916278272
-2.94833934704348	0.769656105317063
-3.12380186027694	1.13357818582386
-3.39944814323938	0.803988667596415
-2.50657384450975	0.959764450203907
-2.99397739519821	0.957505668743459
-3.14083593089489	1.05272691022875
-2.82879107415593	0.830279696341165
-3.07571692088962	1.02609828148604
-2.86288993332453	0.993302791502252
-3.0155829979128	1.11008857579532
-2.64519197004637	0.927049418801234
-2.75621555851938	0.63349285445801
-3.31487264308207	0.982528308473003
-3.349781109472	0.953736307380434
-3.01904997253189	0.863979091613146
-3.08650886468487	1.30513664850121
-2.84669731056233	0.96482749347169
-3.02637356601048	1.03884869412231
-2.92642041582167	1.01619558740306
-3.04708593949602	1.28817965402695
-3.16835444685395	1.23129949335598
-3.11320949834869	0.977536994850602
-3.25822447814754	1.24357760501626
-2.80065229845263	1.03951561701766
-2.71499687155696	1.82603807302961
-3.32358365942725	1.18665262038363
-2.98917994657595	0.499625875536109
-3.22404095935126	1.44615616618575
-3.07357918837503	1.04693922571089
-3.00898785329056	1.28056130789674
-3.1375017646498	0.809578015844683
-3.58884892200585	0.501128881157774
-2.77604386008737	0.952106345955957
-2.95856361622533	0.97006710418579
-3.02684157865232	1.45247267134585
-3.1525484643329	0.73587587995866
-3.41833704838637	0.774204184021402
-3.4179791728675	1.72565762261029
-3.29479156145884	0.819720418096595
-2.5665330540361	1.24857985586124
-3.50994340807613	0.495335617951244
-3.10460567916452	0.991104633890712
-3.03701972416628	0.738292924704458
-3.12226211269608	1.51665132409866
-3.17875890460495	1.05017872751998
-2.7705772020346	0.823671333596782
-2.81019285762225	0.89359292514855
-2.56670586586871	1.17007809337232
-3.46098289993692	1.1321559725487
-3.23657568759942	1.44974992784418
-2.64881806016784	0.74276775718558
-3.6381393886101	0.884517596567079
-3.23962158559253	1.15727911423334
-2.45811851047491	0.95816802454476
-2.7590317283738	0.981997160999054
-3.11147636511388	0.984779394747202
-3.22082128708896	1.22891064126085
-2.73641391435666	0.956549597275545
-3.21678890240384	1.08064182078176
-2.81356200812594	0.791909271979479
-2.98069238684193	1.00480693508691
-2.97903047155289	0.969376900177883
-3.18267344920892	0.906038862494611
-3.3271619867548	0.980634851560417
-2.78362079052134	0.794320925663512
-2.88034682480368	1.09498496978392
-3.09929712651991	1.10999616433906
-3.18415199985324	1.12206688977963
-2.84390277577211	1.59968615791786
-2.99230871881921	0.95701771723742
-2.98819151591983	1.03253333154883
-2.77333060506118	1.06054688820902
-3.1716373945452	0.640312832805642
-2.95881911308497	0.931780883234412
-2.84736223295929	1.18690163070739
-3.52911170021812	1.0628872771914
-2.94778918267449	0.916281820275272
-3.160791811006	1.10441255159412
-3.15924832625447	0.931655168757738
-3.0161384044252	0.983015749205005
-2.95758940159225	0.800560941618221
-2.83441033439976	1.17617555158674
-2.79900478219924	1.03773061367496
-2.97773190605511	0.861475378362138
-3.00516936498619	0.996257240257678
-3.08705834349488	1.17154178613229
-2.9142236827649	1.01265532739956
-3.0199689494784	0.940417955895544
-3.48065466186393	0.965459255476444
-3.04278235340015	0.784993204199421
-3.39628989761009	1.16899637824769
-3.05128216241258	1.00679138164675
-2.87906379333112	1.07572847447351
-2.53525890615334	1.36970855332479
-2.98871324881747	1.10038040398943
-2.4821459759787	1.0547635575047
-3.00949774250436	1.05949789959768
-2.99199658245615	0.995188616031799
-2.48767216308214	1.28980116811033
-3.08894472433384	1.09839637404309
-3.09313896227039	1.14636831902429
-2.7870371824983	1.06836415736397
-3.11727000219753	1.13990746132723
-2.94120970639166	0.92292714155351
-2.96750888147578	0.774871309663058
-3.04432449595894	0.984945423880126
-2.72682560332839	0.967336276464313
-2.91780316863292	0.656323290148598
-2.92030029355786	0.947942537237982
-2.95049838183541	1.07949865001965
-3.22218507080578	1.06800845393892
-3.36650235255237	1.21853187748615
-3.11717043281395	1.68993085987071
-2.7751992218388	1.03326814791162
-2.73793807578098	0.833262665614879
-3.23249717850044	0.598360538662232
-2.79624289525771	1.2188396951385
-2.99486083981649	0.99886962726802
-3.52015045627436	0.636932606098153
-3.0563849489162	1.32253888001523
-3.24591569180728	0.438816032538351
-3.35659307951277	1.09868588898082
-3.37624045230807	0.960237655229088
-2.88626766875072	1.26236409099724
-3.28684100227723	0.805752684498839
-2.81091898956447	1.15410991411767
-3.3462179772992	1.4263482327422
-2.5052314611053	0.944613566949279
-2.93988847853264	0.912069644573432
-2.99773119325357	0.999109335364218
-2.96696156998015	0.933184702788212
-3.03836250470423	1.03090245689157
-3.14105156720893	1.01485191480608
-2.78387838973146	0.998784435152738
-3.05347997086028	0.971096745406971
-2.81793089411697	1.08223542347484
-2.97835845033731	0.999949476343254
-2.64092700755507	1.08497832805751
-3.00671747448814	1.00184518012123
-3.38460427083482	0.929244614932616
-3.04718678975864	1.11914009948598
-2.85971874076552	0.575625725414174
-3.86437015403022	0.914774527156386
-3.0632517314052	0.943976630606523
-2.43895317783393	0.775346966000031
-2.73367567026271	0.768378091471343
-2.47883111017237	0.982792397525377
-2.99219168456156	1.04496442751345
-2.99889238090921	1.00103613139722
-2.73422074467334	0.982384314915763
-2.98585821867309	0.961812673795621
-2.73716427439584	1.11101587296463
-3.38547337624717	0.922391751225591
-2.67506834053594	0.619089448300903
-3.11195201069388	1.41538952690901
-3.07328989899629	0.990540461329837
-3.16679550158356	1.37563130973888
-2.76625399364706	0.8875760747467
-2.98620825064937	1.1026804301502
-2.9301952291593	1.30121892206234
-2.97204118581901	1.09599765597826
-2.95041074311386	0.545149371633502
-2.6818870929682	0.864943943957147
-3.15121296856808	0.900708977971557
-3.14598925161592	0.848224989036328
-2.76146617044827	1.1271256624681
-2.82050730386516	0.59527242684908
-3.43388064767998	1.28554744560616
-2.91763883556105	1.17960677833463
-2.91102449253029	1.13582555678659
-2.73030011065836	0.875231793493388
-3.22704965908963	0.675456910693618
-2.75548157916358	1.1369271283967
-2.9739037642795	1.36124057921022
-3.01671379292496	0.508565004947483
-3.45848704644706	0.788356377395514
-3.07270884857069	0.940136757905248
-3.01404374664243	0.992203416920207
-2.97626432759108	1.07545392822133
-2.15677455139383	1.31781009813128
-3.11599841054541	1.37747729498745
-3.05779323524818	0.839615069992674
-3.04307122655055	0.957264574733053
-3.23453179057495	0.790977174997263
-3.13429247524165	1.39000947319729
-3.0155650909293	0.95629005935207
-3.44318147360877	0.856713778163719
-2.99316666982524	0.988538906635685
-3.28495897960617	0.71552120481574
-2.88848035262005	0.779376319642781
-3.42957019079627	1.05141885950268
-2.5331438324312	1.13089651151485
-3.4847940346676	1.1989513918011
-3.22579725367668	0.777594820377739
-3.01583791051167	1.0083435890551
-2.94675360138405	1.06696864003251
-2.97012670498812	0.778949081235045
-3.15439968521666	0.470143027153526
-2.9842580297556	1.49855675063945
-3.38309572611131	0.978889471636221
-3.1825782244365	1.14220553336859
-3.05801888766076	1.05010097786209
-2.99211638710168	0.998199382599044
-2.82498108885825	0.567016481771343
-2.95436508879555	1.32016178801999
-2.92175056842556	0.937308969847703
-2.9698738577886	0.846680296335194
-3.01207679254713	0.772134474953454
-3.1564466158635	0.919096766414523
-3.04656578078194	1.33365182366483
-3.25910372800673	1.04904665889094
-2.93760432800094	1.00727369547853
-3.46960928180289	1.45946495061549
-3.03101511493589	0.922864873150704
-3.08108436274951	0.950088651859147
-3.86658026445699	0.432900648765231
-2.93988304348475	0.968943188659948
-2.88969347742108	0.897271343501328
-3.16737538425789	1.08373024993669
-3.06425649078181	1.47471737076049
-2.96201116727818	0.840105070703506
-3.22746040007334	1.07407823098978
-3.46247946518854	0.379480458939831
-3.23105800675279	0.866474158728496
-2.92458224642527	1.30454880050587
-3.16949635247378	1.18916342570177
-2.2627772165595	1.32130060843442
-3.24718271626806	0.81693316535715
-2.66208121300783	1.50837252236523
-2.83600580634895	0.871326787038537
-2.98747824939937	0.91353094569257
-2.86444435132821	1.02251412725565
-2.97960650396485	0.949667593653009
-2.64871038488547	0.637987188047863
-3.22513729786606	0.965869680211261
-2.74430823608174	1.05608334327905
-3.08741347511078	1.02918266727205
-3.11272598366018	0.448352752961668
-3.48901301759671	1.14531363034232
-2.74834131014977	0.780892722410389
-2.86305605967029	0.863455751521399
-2.66708175510504	1.56015993253061
-2.7401990940488	0.864796516327539
-2.89326012522721	1.10392651340457
-3.07692954169311	0.99701586534416
-3.34254091282346	0.943408867046466
-3.37629725302292	0.514852785273713
-3.02297656756256	1.07677474767345
-2.78790799246844	1.40858008152478
-2.97178003393527	0.968898582564031
-2.9960351677472	1.02633908113462
-2.86471838467597	1.00139640535904
-2.78828260894839	0.79056453113566
-2.85264664528575	0.895791229382425
-2.75121127463674	1.11735207460526
-3.10459043529506	1.18389544209395
-3.60898345714434	1.41084443129247
-2.9734926816102	1.0351988733252
-3.15576659020165	1.20349743391926
-3.06971127589318	1.22717134635951
-2.74823667390409	1.20582810841097
-3.14635172681491	1.02677731608138
-3.07209436547014	1.03255262762599
-3.16823561088356	1.26873920889205
-2.76647750682982	0.22168807343399
-3.08631437269037	0.98370138163193
-2.98835157962025	0.939646659263111
-2.99437673124014	0.676694879839469
-2.96330779498298	0.545569516169153
-3.00942476265266	1.26802097286904
-3.11386952634415	0.944884470871747
-3.16347070451905	1.29864716785408
-2.4699186435512	0.809186348410947
-2.91775325881628	0.940185056065593
-2.89185473005933	0.977374805880844
-3.26099161437401	1.03341135061728
-2.86870474093174	1.15355855003585
-3.26217906890407	0.605430513642167
-3.46443237229806	0.976587784156402
-3.07396630317435	0.905990565574586
-3.48595469744317	1.48619821101664
-3.31556553656971	0.962224616458593
-3.00932910445796	1.04636689591743
-3.11333182540659	1.41206002239088
-3.04947654410276	1.01771652997847
-3.26510561048949	0.895606299639468
-3.05685621746333	1.05704748816758
-3.04446027583978	0.799139925942824
-2.87049175638663	1.12566965818134
-3.07877277376695	0.85275405336092
-3.08430970435082	1.04934270996297
-2.62384324807226	0.991435621967779
-3.16168555549059	1.21501111915866
-3.08172397566719	1.02748657566236
-2.75917610151618	0.590291045996463
-3.08151484518312	1.2083694102427
-3.42596208770114	0.698575875475033
-2.43991499144365	0.984566019027202
-2.84840057979092	1.10017376874656
-2.99167152732612	1.00034514295488
-3.05177032183787	0.983110112346852
-3.22471692628461	1.00881307690319
-2.72021970160756	0.9463640610134
-2.77928665973372	0.597809795549158
-2.92023284428917	1.08571809781348
-2.9631335745808	0.665959805624469
-3.2364900344596	0.974025332075874
-3.11855423861539	1.33265319746172
-2.85539189369006	0.920637301584789
-2.93444484456299	0.846264521401098
-2.92785007739391	1.09439361744831
-2.96420809432929	0.975943074369273
-2.61996403073132	0.544106747068449
-3.15820861888406	1.11615319522429
-2.89887288477954	1.07074877320794
-3.05983197403569	0.533879181352572
-3.1231815835539	1.13459864964945
-2.85754244160618	1.10900845848309
-3.29554125905284	0.804568617303413
-2.8207673927637	1.087631908509
-3.03335418125144	0.90682497279579
-3.0650601561707	0.711067460682347
-2.90606482223936	0.764932402850843
-2.59414189269527	0.982153460724796
-3.04340342972537	1.02919018020169
-3.14253241057161	1.11995611853939
-2.83656836204918	1.28843116816442
-3.40321282294192	0.761320787462835
-3.31838970542078	0.84564290186155
-2.96408747618699	0.760483351727948
-2.71425263931887	1.51546933875478
-2.90246637852804	1.18116129102025
-3.13391656100722	1.12907917265407
-2.98362966806882	1.00878538892255
-2.99135282197982	1.04653585123646
-2.97476024791721	0.456870314580463
-2.55098320482641	0.738844579742753
-3.41671169940447	1.48090374184107
-3.34857099214636	0.779876049741359
-2.85074507399494	0.76109733575661
-3.13271366997713	1.30495371243621
-2.82788463509849	1.05293433372204
-3.06657393004972	1.03828291091903
-2.8894756580601	1.04547040623228
-3.14962607554526	1.17693755378813
-2.86101333474686	0.793816728599614
-3.14734500841887	0.753568308090926
-3.34365715257739	1.14323632056899
-3.28492332207209	0.807071167042887
-3.19820974331409	0.885512189126035
-3.46826309050687	1.11725404437859
-2.94021081388926	1.05177661334367
-3.14981328793747	1.29789037885432
-3.03014769506697	0.972226055458568
-3.0531876688889	1.13836031288364
-2.82158678044567	1.40698817756961
-3.08224580619072	1.04077167208174
-2.95237494236097	0.747809242817956
-3.01180077450839	0.844384459261772
-2.99813106680548	1.15658983094968
-2.78336199391368	1.18739101532113
-3.46954676914779	1.11381239120377
-2.63248425300881	0.894335804466565
-3.10525953940465	1.12363253609699
-2.83549474435975	0.758844956581621
-2.95610180104993	0.987518429369771
-3.00810617695872	1.05084012244742
-2.99238448147258	0.622338237421263
-2.97416011141181	1.03339145394455
-2.91687308121586	1.07220192794299
-3.03266702316346	1.01963478931437
-3.04227521121858	1.00221984484011
-3.07852203508118	1.23892926229695
-3.04437625418412	1.15234696554558
-3.43301661341738	0.812128251804572
-2.53096521199576	1.27166973740233
-3.22192961999411	1.32206919850037