0.794634621184645	3.00882714525061
0.790034976986306	3.0081304730336
0.909616637581979	3.04078208646568
0.813581134428621	2.74487408965303
0.864463798447099	2.82981940377002
0.523774593436031	3.02828476392549
1.15262085335931	2.92613461218789
0.724111856828043	2.91113813468173
1.08152634472446	2.71749352848695
0.549514306274501	2.98665835267459
0.826358129281238	3.02737443182192
0.7933778871032	2.98694889473229
0.642807380719455	2.95670173648795
0.790202284471217	3.01121274051553
0.964420590690468	2.80289630614511
0.82629501807737	2.98629547947008
0.468424182969548	3.03071652446656
0.779548727651035	3.02181053758161
0.746451810810261	2.95769109540463
0.787757051817527	3.32246398990204
0.563613339856573	2.9285420151352
0.860502567619903	2.96892613357476
1.00283703493309	2.61174958004389
1.16307538845855	2.51993868139948
0.865754758720797	3.00244512522332
0.893533292497252	2.68651321867285
0.850074637501511	3.08952377166406
0.803143816168941	3.00354122514811
0.766218970607747	3.00784708892891
0.710675078212654	3.00948161943688
0.854669954629134	3.14719864567411
0.0739475157802377	2.77573145339143
0.431133908204768	2.9975314540877
0.86151311233599	3.05547994481669
0.281832229873242	3.12262774532884
1.05117560338657	3.00531063910726
0.735691229782637	3.12410630389698
1.11899092657959	3.38122367790018
0.950000710860607	2.70240975281149
0.751142471928515	2.98423173382849
0.591651803192487	2.95350048509584
0.900703830961924	2.81148553392815
1.0305766423359	3.30840058672719
0.951159313472116	2.99284363068934
0.841387394698456	2.91983292506265
0.878665289972617	3.17270650934505
0.809439698424494	2.99900026755077
0.921725288172225	2.83837271086632
0.938273055601487	2.91939190680069
0.98074678546877	2.95844630853942
0.837837252883505	2.96011922010207
0.519432724991286	2.99214458272101
0.799302240078191	3.00126221261768
0.852359389684601	2.97068688551691
0.937534312217291	3.16382749445783
0.697728029419293	2.90288603556352
0.553189486810156	2.9817060848978
0.775456738897355	2.93430827787436
0.808082715202253	3.05994555748238
0.69825896615553	3.03543464270116
0.854145082958315	2.91650411605334
0.77395850707847	3.0098034101807
0.826090180200426	2.99973185041314
0.648724007404565	3.04840202557169
0.464170788340254	2.7966448617029
0.944988374514821	2.98492519099123
0.50217222589	3.02880335928475
0.934242027775919	3.21466404110285
0.98680482465216	3.10272838493526
0.73600764330377	2.97279635020547
0.740710067365911	2.99466865481541
0.811456841487597	3.03216449047112
0.784968820243973	2.90148818472232
1.09111003956644	3.11151043729458
0.193974699482547	3.02995366494526
0.685229414988914	2.8994383981929
0.376261305162217	3.02320744724761
1.05531056079357	3.16596184287317
0.862453827413732	3.18738386153649
0.855009475489482	2.98622553355893
0.775603165745292	2.99965541310609
1.0525829816248	2.81396513377767
0.749831379790764	2.88676772953418
0.900408913089289	2.94932129563934
0.440584865302977	2.74626077665724
0.782869179251906	3.00013957790883
0.638322141555234	3.06809879628864
0.84832431620792	3.03863880003694
0.755124929333592	2.62395038305492
0.799530833821879	3.00007708675665
0.743794945921648	2.80287307919917
0.546111157908055	2.98123590683854
0.775203988841665	3.05527039859224
0.89046752323145	2.9922985742613
0.790285550278585	3.0058019985088
0.43992309364762	2.53400606772348
1.04625842092987	2.78611793363072
0.762128047694308	3.06140482375658
0.878568191153817	3.21024303893109
0.940013236355819	2.99843103873333
0.825546618475703	3.05493047444277
0.17252664833124	2.4187602029812
0.787838892220438	3.13303979655271
0.77943299067489	3.39149603139111
0.664705697153508	3.23739904517494
0.813065210546848	2.99112353539207
0.840467692556962	2.89322663830502
0.862828530799584	2.97077367228604
0.758889350970511	3.05323765948399
0.827750582090379	3.02718894115318
0.573132968886264	3.05359947403842
0.786760401766525	2.91880207952254
0.769573732267553	2.5579230969468
0.764655267923077	2.8187501894637
0.842875665736339	2.94229591782221
0.847640315126624	2.95451487527438
0.993651465330139	2.86701608042209
0.679460709329685	2.92735849606649
0.904925862648383	3.37240731623867
0.703194999763929	2.90128696283693
0.828945572634697	3.12261562262444
0.840576591237987	3.10988416001258
0.332161421544381	3.07651441872757
0.87699190622612	3.06435176432375
0.914894892582201	3.17838745058991
0.574322268650092	2.64951245351055
0.82030850737637	2.97773180794432
0.781709443829994	2.92122635831284
0.902862828687462	3.11205906199351
0.802095096951949	3.01254125532625
0.821690894130952	2.97549664772518
0.736523521981214	3.08712757415991
0.966294528754144	2.7104141420702
0.785758798024901	3.01362888188108
0.63810688370764	2.98493004636802
0.846406190593377	3.09287149268163
0.454834251077155	3.23604643160459
0.879587932997277	2.96144060640324
0.747811637690993	3.24106575515592
0.87544864642521	3.02373930249913
0.839057191544881	3.06250506385008
0.816869681578217	3.15837309623429
0.754012713024666	3.17051596135526
0.943218848595881	2.98813456065549
1.09224768196694	2.95825292616791
0.805038831148297	2.9895589849607
0.521706438481089	3.15902028837821
0.488196822153778	2.95438747524
0.686684899821682	3.09258987757555
0.765210460737375	3.15139784703545
0.89905022306718	2.98525490770371
0.796749294768543	2.99175037514167
0.766880929502043	2.80997269931962
0.778328547601664	2.96505443396637
0.83728071761717	2.72031029892975
0.821365937281888	3.07648114856149
0.46642053754136	3.51375103945727
0.510145712903388	3.19882861543549
0.925468939571971	3.35171215823213
0.855657947400867	3.2349417792104
0.672956419367625	3.01638681706957
0.790524485908379	2.8155575987126
0.865362894785504	2.88133431264345
0.708070790918805	3.10418114047893
0.805415296475028	2.99757093837542
0.69793296448875	3.17462024046687
0.815773854260065	2.95605814902439
0.934719144045451	2.64373857573816
0.797020972505334	2.85527506511056
0.626639915739583	2.62239888568786
0.622950123608277	2.62850085591978
1.01215896129699	2.73185267522047
0.577425850409954	3.05049934349435
0.606173818441052	3.0884233545553
0.685058133446018	2.9995518880874
0.526875432410443	3.49766224581323
0.796621167705916	2.9243105450127
0.712139425054219	3.16209845434154
0.766422198603975	2.95730658145647
0.635369596012117	3.02796646585438
0.79672159648815	2.99794534614883
0.796193287051915	2.85775148940723
0.807809208760266	3.00918990319666
0.558488583754001	3.21095947562421
0.759639524037116	2.94188755306847
0.633970757328445	2.85064779065873
0.843544343787834	2.93632211775982
0.436264175413298	3.04692832542787
0.854693348169632	2.87264614288055
0.674841008600458	3.2687465284833
0.799729150487297	2.99929661207068
0.94333553829177	3.26857613328334
0.701473450561169	3.03848143669801
0.844397624290064	2.93058286988383
1.14119904633668	2.78081849812763
0.773272609462478	2.98229446785436
0.902560649486057	3.0263445795939
1.13636136315098	3.29414953512051
0.610711141423694	3.2384116469818
0.858771870483419	3.00506356650093
0.991853399177201	3.6149832636366
0.831523096868351	2.98831082025841
0.777782764826736	2.89029990991285
0.766939564191109	2.99167065151923
0.805308603037361	3.24258490304902
0.953319675389744	2.82770239422964
0.825472874697815	2.81318261622341
0.824181946326187	2.8157143639168
0.413754105786681	2.93039800331901
0.89405594529753	2.88668768163634
0.71061304049963	2.87994050100199
0.871026501180788	3.06634656258242
0.885309866756491	3.03917991097895
0.627151692740498	3.09504146600393
0.884473679530152	3.02207770377583
0.599221694522963	3.3394085375728
0.859462576223632	2.98680697328919
0.799079033465015	2.99898901654697
0.566835117236941	3.02151080641609
0.796007693514688	3.03288266403424
0.745113906566187	2.98114363224498
0.650804834012313	3.06807189786848
0.679827774636482	3.17196001339578
0.37964058907296	3.63268088409883
1.10074284999965	3.21838023388727
0.748810003234109	2.90855685603373
0.847782535628638	2.8163969804825
0.846559043081917	3.0190081166669
0.878398365380762	3.12110840605186
0.781289097503305	3.09516381132503
0.9610406820167	2.83062188031632
0.880280888142021	3.10353390296179
0.415219389492956	3.07630330104105
0.761790893094021	3.00774010933375
0.776129461457539	3.03389485172915
0.986996753054259	2.89070213827387
0.853051857878909	3.31276048941092
1.18282685462692	2.72434442527508
0.460905030217801	3.24871392540866
0.719259610847044	2.94836434643737
0.649914575350366	3.11818130553051
0.788104637954938	2.75447258654938
0.763686115867366	2.99188734101274
0.740485237877038	2.9678601722278
0.660894040125625	2.94434320158292
0.809707291150978	3.01122347702254
0.774394727160299	2.76954188881735
0.799951728886327	2.99775559552342
0.840184041973212	3.16498997757536
0.882383105989687	2.98327628170038
0.80629825239099	2.99027410723804
0.746040329589443	2.85748306319701
0.691730635251434	3.02147731212207
0.902903946698488	2.73426503157405
0.628725497428686	3.08832711431806
0.693172635242621	2.96425775728121
0.814471714926762	3.09538048396365
1.0050416612392	2.84798190592306
0.841669225580079	2.85771552702851
0.601750518319338	2.74503637270928
0.816039061197662	2.94740202431695
0.869518294288282	2.85447994198648
0.4718573750707	3.02812255159869
0.528385941430694	2.85029076477798
0.843220345826391	2.87226058012024
0.723641731842638	2.70381447110709
0.825178440210206	2.87067213354074
0.818703926029286	2.90431224104905
0.660747165403015	3.02273231243101
0.669269635528494	3.30337157781484
0.702300118337393	2.87039261978619
0.619386538109037	3.0014162494002
0.683961558915403	3.16685599189579
0.773525131309505	2.92833773290721
0.641390323486758	2.86999616572956
0.867494758023177	3.23699838682489
0.750000645228305	3.23321340021015
0.946773850673232	3.41766497657971
0.927016729282812	3.37385486822295
1.12232828482622	3.0252538880013
0.730490227249623	3.3187497712508
0.862909070613704	2.99082470279809
0.661379133245657	3.22552576192854
0.822749991306229	3.0258957395605
0.866666542096706	3.02864501051261
0.74535492406722	3.08269961662726
0.762350666569459	2.90609047686386
0.802219737349127	3.20309988779721
1.03829043710708	3.29959468713102
1.4765030701756	3.12155888095478
0.757868433896539	2.90038590995449
0.624587965950458	2.85835742204072
0.797563110125376	3.01708280765696
0.993343964018028	3.09468812376156
0.702213115840667	2.97878341308111
0.607520581496114	3.93101915770241
0.834024937503576	3.04842859745876
0.50223980184841	3.22856940214163
0.838638294683593	2.96515429816385
0.806884856013754	3.02822917966655
0.764572048533832	3.06308312339153
0.795523497016752	2.97650653908301
0.69608785632242	2.97363327117569
0.995624260313175	3.03956745190755
0.820718399808592	2.85807100575302
0.694708703657808	2.98572803803783
1.10003320519039	3.09017481518094
1.13145347702814	2.84581765575862
0.923093523252809	3.35889009270446
1.02872286120057	3.12274365436162
0.737834849192672	2.97554158877996
0.404026889657277	2.92595735433514
0.923119255402638	2.98638386642442
0.792242306917052	3.02042200545927
0.802178785391127	2.98955011247765
0.661084845125228	2.99600583786722
0.818242278091821	2.98218811714165
0.743137030875019	2.97399882199112
0.906632504927107	3.32643927354873
0.83540481707346	2.68148106848825
0.765626227372467	2.97447880005562
0.988859723704938	2.69088131669092
0.800332967784352	3.2574638304289
1.0358575741905	3.01995763513709
1.05319303360148	2.64746490209484
0.766024367155774	3.23494640864002
1.06384524881783	3.07673866515961
1.01691469858139	3.02711446305518
0.672699196244899	3.0804909818054
1.26979118165036	3.21842539178968
0.690687194616984	3.4854306627141
0.739241020662392	2.85762402719609
0.765313592962965	2.71508265946722
0.971157189878707	3.0685710480508
0.730760116034649	2.83745045155868
0.891491774076148	2.93096157411569
0.782768421289036	2.83146362327867
0.839014659807043	2.90713623084889
0.869399916243173	2.63664224809675
0.767736357321587	3.06260785115391
0.636691521492854	3.28905166838209
1.15457835561169	2.73579106688589
0.807780215828099	3.00240560144497
0.674165938590114	3.05401228614102
0.860206013541579	3.10163775335238
0.925899048682928	3.08101174115267
0.937768533267316	3.11551811027969
1.00730372770478	2.73976707278146
0.803264414554055	2.94745427614221
0.759091385220377	3.0008414016938
0.893402280252665	3.14465681500723
0.762890062833814	3.10737065378905
0.800078183336247	2.99928876946473
0.783217051489354	2.90665337268212
0.516021333809548	2.9358983055487
0.853525058721054	2.98189662817797
0.728127685791901	3.11891058707047
1.06038883906103	2.72760209877322
0.381747744071607	3.1184626184356
0.76658493919281	3.20998915361347
0.650981852988687	2.8628293904301
0.899411662172746	2.63224064903823
0.794525734729347	3.01459797568449
0.8755296633739	3.0937162093209
0.643712766132275	3.12913628603513
0.742965290952647	2.82330495653969
1.31908602880348	3.01730184184292
1.03963922725272	2.96278089272805
0.63559295378239	3.06217157672884
0.779582517939671	3.03581247292348
1.34243484895382	2.94582347553214
0.407655339593579	2.4389966365102
0.786560306696474	2.90251066741346
0.678198113661874	2.91927707285977
0.595068680039097	2.72384145017427
0.776576613113229	2.98163947784486
0.797423595801487	3.0126510766082
0.778344605963263	2.9950551590695
0.787292563917945	3.00827102362975
0.761216560418427	3.13596579178161
0.986964845583476	3.15446282913991
0.76742975328647	2.99486391883417
0.901401944775844	3.06637476213085
0.64461932504288	2.90257425715709
0.448005772831375	2.91682483811905
0.80187533811688	3.00166106261096
0.720257384803971	2.97083384287402
1.01427933873091	2.8288907400659
0.71960421747281	3.00389571354657
1.0691097306317	2.81072949574563
0.879019422829277	3.03022591649876
0.769272722051942	3.08670285859002
0.601362562603655	3.24358858919358
0.801803656106821	2.99287886374063
0.476849552714862	3.0361150359656
0.822472220750224	3.01684775476221
0.869204861002815	3.13602550089644
0.801061323538971	2.99441981291547
0.870022874614783	3.0383423961842
0.733199203854606	3.2612439752597
0.755064995328327	3.2188065750258
0.866166280290622	3.09806681192049
0.346905600928717	3.36108853248696
0.517318134587467	2.81625083096758
0.656213410354718	2.64860998731624
0.430037678621432	2.65890906958803
0.835096499465142	2.71555166586934
0.682246673117376	3.04355540037645
0.799856658293816	2.9971503017732
0.922962845908414	2.88602248817168
0.354548790019853	3.17047855656752
0.933623574608636	3.32849448594778
0.830978712623765	3.10432580880413
0.824251704371175	3.00289924431319
1.06147727585021	3.14425606559885
0.860915016614617	2.88549631140405
0.836185384517088	2.73337880911374
0.644598701630396	3.22423900332956
0.519297837436142	3.1404937903183
0.821637011444221	2.86849367489727
0.764579836877171	2.85260653625102
0.656735291110322	3.37811596829289
0.819804636651994	3.06603692823424
0.685394912207284	3.0719749957511
0.479667703937148	2.77369654236438
0.985313567776013	3.27927259419251
0.810508505821035	3.00603530834563
0.926032323925229	2.98314438412893
0.799060331033474	3.04706022375849
0.726656346395966	2.84694737339424
0.594668805089289	3.01869359787948
0.943642573211016	3.16534886813286
1.09805282643066	3.23408152586624
1.17727914743247	2.99295153319497
0.972985999857885	2.91159676358892
0.505319412367435	2.94916014580999
1.11662576705946	3.17557367021492
0.533928947381845	3.20003914202064
1.13406556746119	2.99179293955893
0.990934267560513	3.18938400080553
1.10552641795994	3.04127447122558
0.748291671491342	2.98385814031125
0.824328375143699	2.99732083525939
0.81481139716764	3.26288316944556
0.517257450333507	2.69411662753449
0.89365333974995	3.21401516068602
0.964285258925387	2.90683627464852
0.929419290232303	2.63574447043391
0.915675835118238	3.16351103109285
0.739502037202999	3.34081134584915
0.73987240737879	2.98840222550608
0.618686953665128	2.48362009593081
0.85166390859963	3.23911798508408
0.998361035739099	2.71217505276525
0.810961024505946	2.9838894020733
0.912360313810447	3.05877275763673
0.809713789887189	3.00052333800812
0.764552779431226	3.20563664164833
0.827606191873802	2.99358397664599
0.904765641696562	2.89357281811345
0.506066321377065	3.0958781148599
0.836653024410806	3.13250415389891
0.776500838269068	3.03714840888867
0.17029766036047	3.06353356165185
0.934300835276081	2.8464523563848
0.764180222522773	3.02325710481896
0.629382827383932	2.79978269749935
0.331421144540089	3.17264117414963
1.06090157786359	3.11564987335843
0.883026881209758	2.93762135803823
0.52020652891583	2.54920027937015
0.471836889808674	3.32427141855717
0.80322482175068	2.98970342082601
0.895019167941268	3.23495952252023
0.785978762580959	2.98654746691789
0.545720474553609	2.94914421530086
0.928281258147553	3.1213739450868
0.706364566613142	2.97824379996811
1.02217005132982	2.6397657102319
0.7493886418393	3.02592291018921
0.799276286871083	3.00315500152715
0.980442443726234	2.81622961820225
0.848119437323982	2.83219774712693
0.651860870552377	2.96340679516279
0.840126989711517	3.06645716406419
1.22219009352829	2.89620474986966
0.800523149425416	3.00115808934879
0.52278113929281	2.99118802696248
0.78159276743218	2.87578294084223
0.911420803906442	3.24112393043115
0.798730416938531	3.00507866782628
0.726917969157191	2.82014299942692
0.797775607680103	2.99960355858246
0.987584907472716	2.77431642826195
0.607345692824907	3.06568158898835
0.738877302134038	2.71165417280631
1.07254233422336	3.40475782451654
0.827904910019284	2.78593783311771
0.80689116374906	3.00446861322495
0.894674818678772	2.94238604513541
0.914764416000096	2.849031317652
0.52333805666682	3.079691526918
0.687282626241525	2.89250700756983
0.696853208494508	2.99161121171136
0.867607094332769	2.76933651593854
0.942822049954401	3.33337238000973
0.674545760336571	2.9296370260706
0.985234482318625	3.28708968680276
0.829510430663557	2.90301894728482
0.760965725681868	2.97531136990157
0.893145821942131	2.89389805970377
0.782524948695449	2.88887314055687
0.761158837271321	3.01316886917534
0.686339528574974	3.08021307236671
0.722796449926245	3.02228991188033
0.700538661958259	2.96177274368085
0.707371376834232	3.22477627945666
0.572602685096115	2.71584615402811
0.685882716878504	3.0455468010325
0.43225553825059	3.04681802808894
0.73034595947771	3.13934454889868
0.751370844060813	3.16814189371149
0.78600618946995	3.26732271577216
0.709853689295437	2.8813393874231
0.712014999228893	2.98958813566142
0.666553176789964	3.22721386155672
1.08195823781667	3.03539845444715
0.944325000905424	2.86261509201279
0.689813934616354	2.98501478569342
0.783492418527479	3.01567324538461
0.624724124578209	2.91648030387508
0.611055944481745	2.92453669638237
0.842891359738227	2.97484136313062
0.802100143526301	2.99477598036678
0.965405820996419	3.1617800325979
0.795263440702877	2.98695683565227
0.893903472857597	3.03068511793449
0.586213499889035	2.98941854407158
0.792831160924897	3.01008703848926
0.581071739803727	3.12076723101718
0.788241067856642	3.00470563197373
0.808111384035748	2.83951850568735
0.56561424426433	3.03953006697176
1.02529939867398	2.8416292885981
1.0204705518554	3.10240342332188
0.885497274693079	3.06091755515868
0.71479484836464	3.0788600816798
0.717087609300352	2.74060380419025
0.888228730661154	3.00518034482814
0.733191906382161	2.99351858379519
0.667356057057067	2.88737347040577
0.683774086670797	2.83876376928594
0.270711288339484	2.95705506710836
1.04837899056131	3.129572606331
0.799497758413841	3.0087049126333
0.8228651211633	2.93980436606481
0.783850776362456	2.95286931715275
0.648041680398612	2.99080203792829
0.897873821433146	3.09401833982672
0.825808396546987	3.00306289094104
0.684382012166981	3.1161470516903
0.945270004036437	3.00099646983007
0.583210199900379	2.84088989298795
0.906421948005718	2.90609290789886
0.871051657135234	3.01725267864724
0.821804117175446	2.90744250889516
0.919756904404976	2.93956091250698
1.22051281133225	2.81049107502554
0.874557382284366	2.80493346040495
0.776806440526619	2.9973349776882
0.571805190412939	3.02761261888585
0.964190576024965	2.94800621480339
0.692429273334221	3.01086931518355
0.800048476154626	2.98685616438383
0.839491050557572	3.05224734979952
0.739145134208793	2.94121791350198
0.716961544922172	3.13412028914368
0.862366818317229	3.08472548494966
0.870952506997552	3.07879183977109
0.958909383921958	2.99676673383018
0.637827820336838	2.91950985669105
0.856345013722752	2.9893678561714
0.539288075129462	2.85390330382884
0.799973267084126	3.01934242717661
0.973759713562261	3.03309732817118
1.09694461066679	3.03497258358546
0.698045278082328	3.23823572826384
0.911853631873845	3.19703117148315
0.782519690569757	3.01550282718079
0.607274182460733	3.0323229351495
0.822636928397683	3.0204762009349
0.833964101668541	3.09030806012602
0.813837133489138	3.02218963342346
-0.00632980131542982	2.87203434908216
0.966999018777517	3.05498548231736
0.540571450585323	2.83231426808095
1.07974548816055	2.4100139970716
0.541375429538472	2.74924777507049
0.733158269478317	2.47663313207537
0.839444131440393	2.85734221713262
0.930674486176546	3.29901068921249
0.908088117739726	2.89234806732076
0.360449617265111	2.9267582001597
0.794178928113703	3.01484615194717
0.760480551872973	3.00822596170998
0.916653634442536	3.21658375500277
0.632727946005216	2.98464633483411
0.875747274324813	3.28952672723877
0.869784357376591	2.97862427626543
0.474002021130343	2.938324766663
0.785311669896899	2.99790393358239
0.79812359234935	2.99973487724922
0.811805293183097	3.02527602186555
0.691665022594701	3.21208517156029
0.935753244915182	3.0457211056321
1.09001843617698	2.91881182431604
0.661534584174951	2.41082681237957
0.720467306383476	2.96763643541856
1.35450240045107	2.93593625568212
0.978827711900088	2.91231099352626
0.795203145059078	3.00376136809854
0.898546127885351	3.01346843140394
1.19841981348642	3.11551570032254
0.198399322763791	2.77596145061141
0.869511883191107	2.92459068093988
0.997112413623834	2.83956914615073
0.674366204754808	2.87384301736513
0.771189020264745	3.22796387264679
0.902257608723415	2.93714614001203
0.748322373068002	3.01134737869669
0.789470254129763	3.06833328757025
1.10070960818816	2.97258619898667
0.441768765261382	3.02123380629143
0.873966838989327	3.04294064486451
1.14129582347978	2.92922515709556
0.673152797842678	3.54559665398121
0.663565034921109	3.18891163747065
0.800556930713749	3.16972488928472
0.832262903406621	2.73433067721101
0.860486287607715	2.41020553739553
0.78012600830452	2.9329104230678
0.807433071592081	3.01981905665834
0.90613229894535	3.0250158502874
0.799759249781231	3.02768521974253
0.80793624240704	2.97795741344451
0.622798991841451	3.45884217337644
0.705591181577011	3.16800157013463
0.797081703053225	3.00822758108827
0.809478930049756	3.00648312811355
0.803330772355429	3.00466040255627
0.545628955216408	2.96248622606168
1.00793913753044	2.91510493612348
0.97812011053638	3.26286054826294
0.808730629197778	2.86676390812713
0.798737031639285	2.94309291219506
0.545700613074591	2.78055165812203
0.254337477123696	3.28591198291214
0.753859348366542	3.03682717452875
0.431420850488771	2.9109169878367
0.620541602178882	3.04415330900168
1.03166570630863	3.2042143960744
0.890949429219694	3.10644162211233
0.792295976360889	3.21239263180118
0.670202960017145	3.09324488392144
0.967967136926576	3.39945819418707
0.913631815355807	2.86509616408263
0.465064218031743	2.92777022396388
0.832810830207389	3.04257496704501
0.94854857288803	3.2287125956363
0.685321114139869	2.84533139869918
0.524747835501173	2.96716085313989
0.71236929892471	3.12246433465064
0.795830587349434	3.00672251107264
0.776866981855149	3.10925406828447
0.807925180283689	2.99880325964824
1.03879938487274	3.45010411920276
0.812827675705381	3.13448030364182
0.671814006893209	2.86354684941435
0.77340544047094	2.98283276482055
0.675810394747938	2.79706243973158
1.32625164552939	2.79699544838992
0.617581459722926	3.32016915805104
0.609001027199766	3.08353959334616
0.865863780730712	2.80321907221871
0.766247657674767	2.94062839834029
0.923981701014825	3.01906683977788
0.559161353174609	3.21177558087773
0.902853370639377	3.40258134976044
0.822105016404721	3.05938808511144
0.763463635217077	3.05727592320274
0.939213948951943	3.04484594364207
0.733292266015547	2.8981624313797
0.645038741551949	2.90371021305308
0.852716012659036	2.41735782008093
0.907097326170016	3.02779952219842
0.813163975271819	3.18506733831346
0.785827717482208	2.9842061138956
0.945863432023858	2.92774791284512
1.03772941173061	3.09756997476712
0.74957280371062	3.00840012001471
1.03877377006653	3.00781983454883
0.663132982864088	3.10179517097528
0.808152617917961	2.87219414920371
0.581166330827693	3.31732546156942
0.67219708688174	3.14883488705582
0.734560277501538	2.96610152109492
0.878066163208683	3.15119356126852
0.989464509529447	3.17952652149404
0.788218167358535	2.9839469169986
0.95017670619063	2.82493457699129
0.868653748499432	2.98064553949192
0.974225389470182	3.1522750871775
0.799149373927517	3.0538754517785
0.94775842859476	2.90595509684689
1.04076944132944	2.83320582236601
0.618895572019764	3.11120359953583
0.851951506696	3.11271039802972
0.759441613211952	2.9031446787587
0.76902760736716	3.15255524092806
0.887711694995432	3.12191980024506
0.858014881328076	3.03781037821075
0.720940717419556	3.15683087310243
0.571956115483579	2.7044132623396
0.837476117584339	2.95297549302168
0.92426468864399	2.7821111038325
0.868505903692012	2.89459841093044
1.26109426585094	2.73995794495384
0.758914926451799	3.28768160222394
1.24221802140124	3.14832455092275
0.916285131317857	2.56826196069126
0.96314851623146	2.85360628138929
0.797873598948592	3.09581215822871
0.9033532857997	3.02171755902064
0.875036843124764	3.08741314120235
0.63488110190432	3.21894231266611
0.694077356857723	2.90673899231195
0.858115164835081	2.97447721137604
0.788141955445258	3.24105211020682
0.892601740897565	2.98874520309633
0.925304456837384	3.04165904029079
0.782783964052949	3.01227993263611
0.764813021866863	2.90974556438332
1.0012071669406	3.34086933481215
0.87448668987337	3.14228793231375
1.21902506290856	2.80159312702633
0.705597577180572	2.62953059475248
0.903160089874113	2.58354343011088
0.780515411430812	2.9894367323967
0.730964472040593	2.87226177082492
0.813857580402695	2.98592915559786
1.04726616565622	2.810743558506
1.28194287573676	3.36466994644869
0.599673108724412	2.98752537023131
0.865506495115287	2.70349008159303
0.560484078032181	3.02761193192661
0.687718440893116	3.40946945668681
0.919745175913979	2.90101900295728
0.789347890772411	3.05638560907643
0.828574190103403	2.9368033794704
1.11359266943616	3.07085256626755
0.797291663422348	2.99296217363592
0.856121831301094	3.1215761388254
0.555567745063622	2.7345841650089
0.580821159846561	3.11289753195971
0.947862169659906	2.91159419235196
1.29373522309537	3.18048275386688
0.820724563666639	2.99739203298093
0.707597616563551	3.03774260300171
0.870921378605212	3.03646882206261
0.804326957875053	3.00586073669362
0.814338433772785	3.02446623755842
0.618682410358512	3.22452920342477
0.718386448591319	2.97766157364244
0.808031303628402	2.9784063324523
1.10063437019324	3.13263048449704
0.968298896232777	3.20624600990361
0.769959173469068	3.01217193373174
0.726288413992202	3.25005725173657
0.701675270503801	3.11852683121858
0.761206171957988	3.14523822414991
0.795048584617255	2.9805554487634
0.767028146517124	2.87432987797709
0.794026532565423	3.00715341385756
0.704114011522189	3.35543450610703
0.668415041949788	2.92310926499037
0.763718996215921	3.0124208371803
0.967486535765892	3.21144922597748
0.499495807597391	2.912361399943
0.878006404612324	3.09289116394662
0.68728806196799	2.90937874944641
0.832740352937947	2.98837203189303
0.746123290959217	2.6250488064853
0.803708966908843	3.01331904365262
0.809369555987225	3.04708495306854
0.357065693008657	2.94805205607191
0.685242728881694	2.89217713623134
0.818269104687699	3.01510643029069
0.764424621785857	3.27187838579084
1.05905525032944	3.10995340861078
0.86263344032708	3.1375363980207
0.832942861051723	3.00460232055711
0.799642705199578	3.00012229351647
0.606702075429195	3.21113919404211
0.955089590783013	2.86972291926173
0.919040654460047	2.95760955417021
0.955396674637063	2.55879127612294
0.897235567315539	3.02192838801505
0.648652548636759	2.76123502309176
0.678263830647175	2.9462141287974
0.26565490979302	2.78096021697064
1.26210216338023	3.15430325079892
0.811682723342828	2.9996453437709
0.52173330933725	2.97241610589534
0.801047005366944	2.98123110054535
0.540327596419054	2.77849686835995
0.793081242557056	2.85091742490566
0.977040382102559	2.82271790581778
0.865068753411363	3.04808958380146
0.841806795793958	3.25213759207316
0.502799400375141	3.02421715423406
0.897554847632366	3.32804845016045
0.37992791688035	3.0862554291874
1.03163928562478	2.82644130564668
0.870468849902055	3.07474935071802
0.805851782226535	3.06109397649685
0.803073956897399	3.16511676102182
0.980580912552222	3.2559195423537
1.04995918677181	3.48132807923231
0.764373232733996	2.95668612372841
0.91855709675755	2.90916488262525
0.805845760011454	2.6593957019697
0.806244710432778	2.90542087806387
0.799452532407412	3.04108923970436
0.967476044533473	2.96168652600041
0.935526514253415	3.03734517018649
0.804556256512429	2.99954184297001
0.794456103595963	3.06441307591388
0.532654560747789	2.69144504922525
0.645613675125653	3.20682487333583
0.908955029016738	2.83848776863455
0.718835611787559	3.09824297222952
0.687717293553109	2.88188584794917
0.679133981447482	2.8538752301071
0.90871489518323	2.79647413726709
0.852160069856677	2.71796827263938
1.00703586120054	2.95397874208459
0.382058272240656	2.74315116688152
0.788621229868107	2.96617266400469
0.774745481313587	3.07619190731552
0.75639846412949	3.01809145385323
0.993692813276404	2.84190230516262
0.796478676419099	3.0067043013914
0.879978092655933	3.01968023628134
0.675359012101157	3.02245528207216
0.676650525950652	2.91450500379774
0.949278528443254	3.03051816875656
0.782557503614375	3.14867413122782
0.616723068570481	3.41583103707185
0.558497251450281	3.05772234529921
0.455851493000557	2.58249524473161
0.936103456828502	2.69644342366191
0.660129149942338	3.17311108536282
0.960187693287334	3.04692930592554
0.765089845600892	3.04064588936521
0.238425001583231	2.94658725236825
0.960163918166426	3.38225477058853
0.816030077363275	3.11858357254601
0.915187109694198	2.91173035231001
0.692445095988077	3.03171167855476
0.781065297512601	2.92979092357885
0.799139155152416	2.82893015479732
0.848937418152284	3.1522925146364
0.559539638668912	3.00616822301368
0.848107019800506	2.89065305115679
0.784079554797544	3.15011053215291
0.52125240355482	2.98446224083864
0.736814833744304	2.91116660024375
0.661544789238506	2.84564711589938
0.736320189985621	2.70288440780225
0.880177735037753	2.97007671010478
0.620525364739309	3.25853478555987
0.805106171428959	3.00016390141424
0.697638402455066	3.11118060222621
1.40019019010757	2.80736122874864
0.564844590532636	3.12652796669082
0.434211301946831	2.42787702937559
0.775054213682853	2.89827113640379
0.632542133811254	3.05428751510227
1.07120617938451	2.8046262616616
1.06802018203388	2.73125148063578
0.656845031829181	2.69486843688651
0.770953546175805	2.99604803035588
0.861602273186385	2.79299496120254
0.772787794324719	3.22512519811833
0.727623349996595	3.06511115147575
0.690829081589503	3.22390320471424
0.72368036592394	2.98504230847244
0.820765028961212	2.74228916574719
0.8176108429277	2.98050069493419
0.838681343945716	3.14591311959672
0.869714975875068	3.00895917081005
1.09694241689525	3.00053489251658
0.765921586153448	3.00537548680911
0.784896749235818	2.9990986815328
0.870481111582417	2.88838526150945
1.29925786055668	3.12666642766874
0.778681451450369	2.85290790469665
1.025459084907	2.69921032292943
0.759403449674663	2.9574294327518
0.942830742361515	3.18075882728574
0.740469008349749	3.06302761564047
0.891777340968857	3.13497827947245
1.14335781661147	2.93259577007318
0.8988322744266	3.16794484030677
0.962786845543231	2.95564660068394
0.757526025113512	3.0994252020244
0.766185410549322	2.92266584806053
0.817187829199036	2.95003545274211
0.599144605469063	3.31444086922968
0.877878045550085	3.00250808059112
0.866011775958875	3.14556676189496
0.67646648932052	2.917335593564
0.786260708261183	2.99898398720186
0.73831438031775	3.22129028126094
0.791327702243692	3.02487675086004
0.726915036691914	3.17534021851977
0.753761557464316	3.13718684563668
0.882940106562156	3.08768216222731
0.772752531167851	2.58580935307271
0.934564764402546	3.07916605416361
0.986430744620527	2.89953437726202
0.792757497369619	3.1816442771437
0.821520542691975	3.11654820056825
0.822542806051704	2.98388785179773
1.03254055533019	2.99858073350491
0.938038106114561	3.10129130749608
1.20546579220197	2.97868642327877
0.822684831644036	2.99648155808598
0.774136595113278	2.87820937193837
0.796253321465235	3.01720009255919
0.914200291324489	2.92271747936969
0.783357291317512	3.22120675234735
0.369106276000048	2.84334777013586
0.819532478579855	3.00111133294416
0.742546967938199	3.2756609640188
0.968936812586078	2.97065951345729
0.742999688129797	2.98540433335962
0.928722904583883	2.85282888856252
0.744036549525542	2.9617288817738
0.809652363900066	2.98713725195375
0.807711485426179	3.00315150330787
1.03963370199296	2.97907722007246
0.54119911521208	2.82371271793242
0.804880746165634	3.00080544085627
0.791793932932646	2.99620545491707
0.795799486119588	3.10762237544858
0.744315601455386	3.09260003871029
0.743664300181992	2.9883426688914
0.859616566943567	2.69792634494448
0.798481494656787	2.99717569161042
1.24198163589274	3.12780228730545
0.826806393552944	2.98734076489214
0.852836406961427	2.6969648264777
0.802840768309233	3.0011567125082
0.796371972929776	2.95731409873006
1.06225153075744	3.10921275985178
0.49390351348542	3.06150857239649
1.0754850274503	3.39952007132668
0.9908411115603	2.75817499155733
0.804750071859853	2.87223763316139
1.02686462484291	3.16520052946846
0.553142280263807	2.75440289932812
0.803828478688787	2.71934385252209
0.792514285036216	3.00432465338667
0.578621283943423	2.719741837621
0.593821749141215	3.13970258046818
1.10190075419158	3.22321781117633
0.469979522476113	3.30987726763567
0.767693916028123	3.05550330351507
0.79311333912102	3.0140648964891
0.745292953506281	2.98350001097716
0.478250081797521	3.11753436665987
1.0237369022069	3.31559592336862
0.81601501080268	2.92473480681907
0.657975770595952	2.70765888662673
0.826189876198571	2.93932063646935
0.957115494260408	2.91874558993343
1.1197847074011	2.90902417783256
0.799086393885086	3.03399544442104
0.710222110436723	3.00344058989917
1.04392363450587	3.06862739019069
0.816687062530984	2.85632786144658
0.760429068343667	2.89142532802883
1.33508151871951	2.86169858557862
0.862859566484451	2.95658108860409
0.796116588874889	3.00921296362329
0.690686572824216	3.06416257951153
0.641746420698912	3.34835317556287
0.827869185650705	3.05819371694166
0.875964661850826	3.10182812907661
0.821560755791451	2.9869873506586
0.667173035102412	2.87031773459203
0.69714117548557	3.04623321205367
0.804932198102434	2.97491837846244
0.802990388803461	3.00885757501119
0.739348253154327	2.82745127016557
1.0490411194066	2.95989907610859
0.95071047638449	2.71949749480055
0.796855837069196	2.9914968353531
0.816634439478084	3.44980980671711
0.809788453152888	2.91627838202027
0.497404387845837	2.79333512882845
0.864262539853555	2.9898447883729
0.791076633610204	3.00804816113363
0.877057392707619	3.17685547681082
0.734553744295158	2.58062964976792
0.908077531585912	2.6735467251975
1.06894154767941	2.92036606382658
0.791082150238002	2.99646569498093
0.867383764269558	2.90988032587126
0.932366327237937	3.05660925871123
0.249148221430028	3.18226707988666
0.82519024058208	3.11309289997779
0.750886273292579	2.99957514531924
0.785264430889988	3.00316447662322
1.00197444951882	3.3875049530369
0.75175958561352	2.98309320722007
0.566743975872607	2.87442676552755
0.823502502499641	2.96095007245598
0.8107049466138	3.00711961509429
0.778530338975706	2.96080716487475
0.719842584398611	2.9093834337786
0.516879632220195	2.92198807870399
0.45988568093586	3.278102627386
1.06920649886866	3.18315562170888
0.809529627574867	2.99910132839925
0.767790676481964	3.00043738841383
0.795246450197171	2.88724285053091
0.722526526848344	3.04833189780608
0.800344084839566	2.9939829556494
0.821708380665673	2.95407742993623
0.760375923834418	3.44316303020992
0.679968926084381	3.05072006548637
0.733263108434904	2.99902298324429
0.668923339875941	3.07846155980561
0.454732168655359	3.0397894647009
1.0529399809409	2.97346340787205
0.806563568994006	3.19050091594727
0.660586752775833	2.92982806710514
0.994741199138562	2.91291282337888
0.797410180637006	3.01122014863101
0.40738607685388	3.15170027513831
0.670487700567505	3.02994794172213
0.90109878256333	2.82534414146641
1.0591328164177	3.00564821906215
0.721365530905978	2.94671768437671
0.719853853718837	2.80978097439823
0.78242902884873	3.43594145219839
0.768859074327785	3.06427488803764
0.832106568774993	3.25596264288033
0.797097478858465	3.02400191804584
0.370513806981708	2.76217637982796
0.907919498038432	2.99089366939927
0.854926540994542	3.04255490725565
0.635345916219133	2.85958468522526
1.2111345146299	3.02840527116509
0.693501504157861	2.93349509286801
0.760330026143707	3.00568440469468
0.836658657514574	3.02349214367823
0.882432523326034	3.01264576569128
0.328262709511599	3.00319675783118
0.786666531464066	3.44147695169735
0.746636766029435	2.98408319672968
0.842923217241013	3.00011802980357
1.51517300472251	2.58072182160155
0.338030264991433	2.70200043044189
0.296343823174521	3.17550566720871
0.762401794667961	2.96849719350116
1.02466454859557	3.03616772226941
0.795294514287009	2.97829810523575
0.643346186691866	3.42183407799782
0.818102471370368	3.08938487244682
0.736413178414382	2.95399944296701
0.73152797967142	2.96003774127502
1.02992704190207	2.97725344194605
1.03544380901516	2.69220331624377
1.1245691787062	3.17181189542589
0.769121576790689	2.99905332748056
0.828379149576881	3.00928951205029
0.78744279162214	2.9828345725863
0.757559447944663	3.11848756201406
1.42906573916274	2.68239875071123
0.768664370026318	2.86886716253114
0.755510400846914	3.00426731953015
0.851288266782121	3.06619171466127
0.746817926240001	2.95444710919438
0.798439827440624	2.99626317521524
0.808991366727683	2.98817204352165
0.797373201861095	2.9837341822259
0.899505451596101	3.07378693327957
1.06881841748041	2.72234423574162
0.396012013299698	2.68188054570503
0.855768320743558	3.07437952595047
0.864233571813928	2.94079672247191
1.1108105019884	3.40746073928972
0.796604395682264	2.9931330169688
0.725522923051226	3.15210358360135
0.971993162567465	2.97261244143199
0.807014919999879	3.02275023612488
0.85522193761329	3.06740648636135
0.943524241763577	2.85886415491747
0.874101462659656	2.90888380451796
0.797029780308334	2.8792753709356
0.967377883327697	2.9409114639583
0.882653015317158	2.98821151734367
0.679576545151321	2.92831199533138
0.95433167672467	2.90555851151013
1.48130171249469	3.2335820917582
0.53794916438426	2.81767898711558
0.783347802227745	3.08930770485835
0.850630493686768	3.05579089775789
0.746635805592862	3.06583814175253
0.857904301555638	2.97360203806358
0.504027461823016	3.17720832714905
0.479557228784285	3.0933999801649
0.800878946022332	3.07866462920462
0.850396557793314	2.98319594681953
0.869015365104638	3.15395411360074
1.31881904481331	2.96196167251628
0.585205578375316	3.18344735241513
0.755035967629229	3.02476961879738
0.330763996472317	2.96039511415938
1.0609851354102	3.11396050882117
1.02237500710572	3.14199339483882
0.692205361601216	3.03981521356761
0.81141536457096	3.05586251916693
1.07885767748218	2.35869327708373
0.731023638489468	2.95339043469628
0.817679338545005	2.97610451847918
0.554846583360721	3.00907095938996
0.747527405673504	2.95974689684175
0.793665326342489	3.019432816915
0.64433903072606	2.89302040988554
0.848610878248431	3.08101713082972
0.655146065382388	2.97511922924354
0.615085105180973	2.77110329106331
0.901879937905212	2.99676441611654
0.532811610661871	2.82743444748301
0.53979791529048	3.38213181357746
0.694952691000419	3.07093885891206
0.735612759924438	3.0209296037867
0.811454698656068	3.06765825798029
0.844759476202047	3.00600588678537
0.800570486089383	3.00067351184888
1.08901359259256	2.92397807329868
0.810807060978626	3.02503892115156
0.757801311541393	2.88994543458135
0.907332470756341	2.87566123938365
1.06765372187486	2.60353436463778
0.874309786809365	3.24011675400012
0.82156268501958	3.08392825323212
0.89463869287918	2.86117570585385
0.751631697630573	3.01331089334465
0.916580472674321	2.83460174245531
0.779530115837979	2.94179065114151
0.732746481274015	2.98960629411494
0.895543107812999	3.11731910406666
0.584352341108225	2.9329359479854
0.849065686521591	2.6780035759977
0.683021727529759	2.97774480707525
0.571703858311726	2.96115053777734
0.834136450619892	3.03347471866844
1.10354620293899	3.19167354320276
0.428215290702118	2.84303061590554
0.847952079426587	2.9457627989869
0.815691128583534	3.05605932924555
0.804143330777931	2.97609993311962
0.733505890014138	3.05706292907139
1.21591622474489	2.79239376326665
0.963978108167997	2.61218056973778
0.816503274173017	3.084382209925
0.826987368522812	2.87657927422574
0.808384933082791	2.99958664158932
0.803168003910471	3.0018025140224
0.649570644481073	2.96871357969297
1.05887245816533	2.99079224321985
0.951069630379653	3.20392586644307
0.762926001722537	3.03422158499605
0.899968624304811	3.57726397675877
1.05127509883865	2.91328357228595
0.545797330466864	2.72111491877382
0.740937198438902	2.97546916662974
0.839215108745445	2.95701273281827
0.726182408621558	3.01371868917338
0.838208496906463	2.84373523094699
1.31746210787645	2.84750857038717
0.745098279735593	3.26223798477477
0.840318220515939	2.80674261634402
0.82411826521846	3.1647620705786
0.784005001112611	2.94834264938278
1.01895894152946	3.08077586240169
0.787321226536427	3.02588112510527
0.596581015274537	3.1585309556053
0.840752417497237	2.92627783774835
0.586171978578105	3.13509191854435
0.823085662706727	2.95553890296668
0.406486844477316	3.19324076502245
0.787443650365404	2.88299872381156
0.608001263986203	2.98723513915508
0.491115771072503	3.50931490890784
0.807234853270336	2.71432606289926
0.701384241338181	2.72148805624777
0.885313844091387	2.59556700169515
0.864869864508545	2.91269459738308
0.349028359221744	2.88344577260907
0.759894645998111	2.78883626356349
0.799947792776719	3.00872525367105
0.742259925166015	3.10249248492261
0.549664701719989	3.23778911292486
0.793324389325157	2.9529555078563
0.915676391524959	2.74104476721394
1.04646363137676	3.06577087707008
0.879752562966286	3.02659563984401
0.813245078388441	2.94086738444801
0.595332614495331	2.75960456878168
0.81132110761007	3.02131337558436
0.481852687075234	2.76997125867691
0.56209204978164	2.99000587495068
0.926237867777552	2.99994684696416
0.808054143065574	3.22042323769876
0.839963688434549	2.84061747013428
1.22073077648409	3.45180564436783
0.796088687509496	3.00107063546976
0.654508082147943	2.93164512798171
0.570084605078321	2.86665807190247
0.585901619002632	2.7983730382729
0.579447466934042	3.22586634900903
0.888935006774896	2.97235474581767
0.908448699009351	2.95254033844945
0.798674141968966	3.05948955658918
0.752952164734776	2.92893395105899
0.865954979690177	2.73616556329348
0.698940682307128	3.00970116781134
0.587635648646818	2.90918115365962
0.731190355952737	2.8649500910704
0.759120144226393	2.99202057500278
0.84545214850866	3.02042591460954
0.755558905029036	3.06371998676449
0.469619236335274	2.75033608948454
0.780721735167978	3.10235001977562
0.259574627862715	2.55321983020034
0.922923079189176	3.03900990923245
0.63460326592433	3.09594006693601
0.901761117951581	3.01616224286997
0.805025614125021	2.97447484794564
0.800938857250429	2.99834267719069
0.774903684751809	2.99134604941236
0.546647074136703	2.45031989898966
0.779533063835974	2.8632425259538
0.856675730678625	2.90900745162111
0.798950918299771	3.2934912700909
1.07942490422303	3.17788687847313
1.0210613330269	2.85076167874846
0.919281590558005	3.07158405366273
0.723065946085221	2.93947951228834
0.780980452003612	3.0775736241755
0.674124628310133	2.85663081322241
0.865910854120681	3.01519464163536
0.823211512951513	3.06593776604964
0.591565153897789	3.01907215658288
0.844470887611026	2.8655568879744
0.747745502910595	3.04109470173206
0.752543685473213	2.93483003599295
0.596716658648099	2.85129141030959
0.706033145519623	3.02933265266305
1.23650459640558	2.55048371996089
0.646522554688431	3.11333130263225
0.798914084929513	3.00406570116541
0.885474804623043	2.79031760882726
1.0915960718636	2.97732012893866
0.695805913696991	3.07695932070013
0.801843268916621	2.98656209103829
0.997838095383919	3.04689442265729
0.885384073920265	3.03199008065256
0.785531634745966	2.98464187893769
0.931605650438486	3.15112886020535
0.887047942526337	3.00715347569839
0.798993584444059	2.99911931038929
1.11030722152503	3.05698910352687
0.850343306255963	2.95447911237741
1.14597147638717	2.90630374786554
0.294935045047046	2.55050919075838
0.851313109827755	3.05856790768574
1.04977728744018	2.95896552829786
0.660528654271671	3.02941799459587
0.525789514418995	3.10332475175595
0.69798463531939	3.01138721804074
0.852885856437635	3.02285189065502
0.779369664430511	3.21810606140111
1.06334484834908	2.89922283077437
0.614527448274294	2.99184170817785
0.774215484714508	2.96348030974978
0.790855020193049	2.96420293902928
0.317401799737304	2.98677210763462
0.835781157302537	2.66111252180552
0.655518638638165	3.08146206510192
0.901180008536799	3.06053323543021
0.679792884729391	2.39215763007931
1.06673823323003	3.11755390941344
0.857118212033662	3.5864914526738
1.01377335336654	3.00768684595054
0.785829605842215	3.03025104378159
0.795847482880844	3.00592714897231
0.755238450441993	2.84702103553165
0.713230358237266	3.11281531641191
0.841332203087868	3.03329150599205
0.799289602499147	3.01319701261453
0.784938526382153	3.00928743794459
0.810385523926776	2.92891532390046
1.03359675452874	2.76684306567617
0.919379422795897	3.11546498918881
0.821713238794346	2.67482276064886
0.794035776251833	3.00300096531145
0.937207195767239	3.05954698876412
0.78225318242896	3.10234175455902
0.946710112490971	2.79648224670974
0.811162988832121	2.95501871938082
0.47215162706643	2.93757279541525
1.01618322554474	3.11598648538463
0.845135794334353	2.97550599532271
0.800691574588247	3.01393370216659
0.812180365052656	3.01963408657596
0.725836697727701	2.92455621935494
0.655567383824335	3.23690706433576
0.80148321553847	3.01193471100596
0.493246173125816	2.99456253768642
0.688670953209487	3.06103367867997
0.4906571346026	3.00826605002883
1.35156772761957	3.08210485624067
0.701736729184817	2.97908503760156
1.09759068521994	3.01527925856589
0.772916369362658	3.1127476458749
0.8766172291021	3.14758879233193
0.432832100011651	3.0169513913992
0.945103105278216	3.03643178382813
0.827113407944333	3.144583549083
0.75967448689032	2.93380581277024
0.814929530437147	3.03857118472385
1.06912321886872	3.17590829318085
0.821292111144095	2.92277036470457
0.539178339077067	2.76878215229674
0.792115519311995	2.77614089457736
0.802967094759116	2.99553382738757
0.813138148236519	2.97740432660371
0.775045678373241	2.99589295094107
0.802736904205468	2.78167528588599
0.843568284017229	2.97463639561495
0.805824083008073	3.1517279936292
0.838747799381152	3.02785736763095
0.864024380857941	2.87712155793426
0.797739535847245	3.08364258092358
0.499215883092297	3.05688902984099
0.747891766996588	2.87813223461909
0.723155331045627	3.12960329050865
0.591824392599325	2.7992875864161
0.496684634952284	3.16122242774744
0.84607682538021	2.95950033840395
0.759704941015279	2.96710605637239
0.807284204864384	2.84071368637129
0.826483082879824	3.00373884747742
0.819208120054475	3.01307003096991
0.611295491837207	3.0934723762578
0.965628264780347	3.24581844581983
0.864798452761152	3.08249041028074
0.713601771907473	2.94115350047894
0.779651049462554	2.98528113130071
0.737604699055895	2.90232271853
0.902962623134117	3.13282183066731
0.78973491231773	2.91574844697572
0.875883760419076	3.14007394866946
0.823674947776321	2.72798019962829
0.803210537275623	2.99287911699664
0.700526057694634	3.28004197733731
0.924610408786902	3.3152135329465
0.814518034187302	2.80273883296903
0.728130141847079	2.55816824143241
0.787016588280087	3.0073949492837
0.901270894263663	2.92264450743647
0.850812771041559	2.96025828543497
0.82601497639142	3.03256374872216
0.855457449615801	2.95437422720948
0.835809586677327	2.99754455144412
1.15472193080395	2.6807426994636
0.541800310959925	2.94172301538491
0.745461249849312	3.06373271533443
0.864740286342681	2.84604984597807
0.930379949261344	3.12558397905444
0.767406886387312	3.0256392837661
0.774817645331666	2.96799219751763
0.875438518237305	2.97962760728268
0.980951120557572	2.87775955628485
0.690880346457025	2.88152966223543
0.816700282303328	3.14195866519637
0.873880888137888	2.91374372490871
0.803256089568976	3.06407216910961
0.791486801188819	3.06365216051411
0.721521281101718	3.17430641208883
1.35599489519974	3.04537473777834
0.730137261857549	2.77402350411856
0.800827801350117	2.98512229322945
0.669135722042563	3.04623634142209
0.613187064132048	2.8826582655104
0.869398735845825	2.9833897350808
1.06048612225011	2.95621590661505
0.773893660226389	3.0526146817367
0.460234651620134	3.12716882051064
0.682390471547291	3.24544498340613
0.730211969418462	3.01437499453592
0.370971699167762	2.83620643949847
0.80514262626855	3.00864304034831
0.70997995837041	2.97122934398548
0.774936862432392	2.96634676759478
0.742158796338928	3.03087481095501
0.824572516269395	3.03386600146236
0.592782123085972	2.88472504590802
0.795846350539535	2.74455151823223
0.653641643090162	3.35928164571615
0.841376270408056	3.01119365123576
0.959935326350254	2.94007814742135
0.751873593281944	3.11946065114042
1.00825753485375	2.94819679728142
0.734808457884218	2.84074927452943
0.912245459920006	3.3343316778542
0.722221187780164	2.90872055583185
1.10670001083109	2.85226309308032
1.06728992899299	3.30915577805739
0.585515294398021	2.83292136679137
0.813633136681025	2.90743481745522
0.942757655773336	2.78914350705256
0.773173758899711	2.53770021232843
0.864057501731752	3.18036484920238
0.985747586450929	2.77997973809641
0.842793936576882	2.89168881330394
1.05228192955813	3.1393756614745
1.09246637345115	3.17634065700893
1.06549441135215	2.85464675175914
0.898145434623354	2.71393817985604
0.881984330159664	2.68932911277624
0.829731484777079	2.88771065133426
0.837806212787753	3.03039168498454
0.804048292611589	2.98964901886578
0.647198587089619	3.09482844754017
0.832286348090494	3.40578472205657
0.740337311442044	3.01906825996765
1.06353964114214	2.87988880157936
0.753875024430702	2.94199850337172
0.894132308216407	2.96590853295986
0.945765130981712	3.03529989077838
0.418142857854338	2.85721227017374
0.778854885108699	2.97030612212191
0.869013531811131	3.04342004800022
0.769925448769797	2.89576415271748
0.632360320380229	2.89573298205382
1.03378605399642	2.86588023183126
0.829464760564205	2.98235356388123
0.982160165967221	3.14173447675982
0.704195195011108	2.86329429164638
0.654511607556585	2.88326206777202
0.48109912823567	2.96603528964984
1.2739747137816	3.07367834481258
0.894324349100461	3.12046823749973
0.673067847320039	3.23068544914486
0.76502651432383	2.92613367177342
0.775674137932421	2.993389898033
0.608178736999549	2.98996861458271
0.876230387793181	2.91050035045162
0.839136386609142	2.98626369099484
0.867221440964415	2.97806436639951
0.728888593948903	3.23131560130657
0.845007252974572	2.93620037699637
0.805705789443297	3.00242367991416
0.889214305417882	2.70284292535608
0.917775546904027	3.36334816847249
0.951336054430026	2.85489338983896
1.13099798713502	2.81376373714138
0.668558586086433	3.21544047790911
1.11379080745698	3.13260492921219
0.877884525436881	3.02297218993876
0.831835129792301	3.47883567932099
0.783830339093938	3.08937865923372
0.842650720307076	3.00705449279728
0.789466031089235	2.60157751436157
0.806699224708803	3.00680305768605
0.79386926172662	3.37344583756532
0.469233577405799	2.8170273616672
0.90226825994686	3.12137935264911
0.896369419587961	3.28622738129455
0.747930315570722	2.99649711418321
0.747356764438384	3.05920375886298
0.914604777544746	2.97795061520613
1.14982555543624	2.80790625035134
0.779913915031818	3.04961267580413
1.30287884926966	2.93296116195041
0.678745971107453	2.98745879508973
0.795301467594954	3.01707508943502
0.792215572477729	2.95237777272764
0.425274882002331	3.15786320992939
0.663243942926766	2.99204508496415
0.813074960896464	2.88078621452406
1.11238494946294	2.72916039463287
0.802970792055559	2.85749830855036
0.848111141253966	2.90665122073714
0.730268635024553	2.83579392205939
1.01083719607372	2.88533152240273
0.836802799088009	2.95822300997333
0.875011920308003	3.0078141802529
0.609689051269152	2.97611760459116
0.972867517492178	3.35780396402911
0.847336981506871	2.99981458088276
0.800354262696618	2.99427259762728
0.774716316376529	3.13226056908987
1.08045926648848	3.13815155358245
0.772243358584256	3.11372252476855
0.750716174202953	3.19864329736169
0.823908164549722	2.79624049064586
1.04618805512231	2.73280941945259
0.987134670624918	3.29673983711009
0.970649352955123	2.97977555064118
0.819310518905801	2.97984179549573
0.623517038024509	2.79987168335959
0.855058199453014	2.98154194850143
0.844349543911891	3.07219670944394
0.825349128011277	2.9296960633256
0.798386477681944	2.97062267603469
0.775515550256238	3.10135634245364
1.00269383544518	2.95838511719929
0.80048244975609	2.99700484776788
0.685100357786408	3.14586346644926
0.841725256786056	3.04601038451069
0.893580237502166	3.27378506397207
0.695244049292859	2.89820920626267
0.699264578587979	2.92782126287288
0.451490428275379	3.14427609196621
0.79913346860408	3.0170177876222
0.885204634602562	2.95947536723237
1.01699292194873	2.96048578786587
0.779263914703807	2.99551134673709
0.684760943161051	2.8757782766221
0.763784276075022	3.00215126456629
0.947039327658886	2.65412423294586
1.34072427530409	2.85375959874849
1.11950226348369	3.24997043811933
0.969790137528984	3.35642821917926
0.802858577253968	3.27776980825427
1.08720847532067	2.78056326215844
1.04460988535927	2.8136358918266
0.805231734354467	2.95909537255081
0.851129594918569	2.97483033293761
0.642661973648271	2.4513727274881
0.695512033469028	2.89155444290604
0.722200002013071	3.10972296383318
1.4855887425104	3.01340480786802
0.9169134702428	3.0490117726993
0.794208328562845	3.02660491256408
0.65475481516367	2.81886777433959
0.583209122123164	3.29319941289611
1.02229672647901	2.9266262308428
1.05623876346058	2.78853392831465
0.720075779150462	3.04808666534541
0.80407704673569	3.2809213833899
0.800737581263805	2.80049022407224
0.741137255693062	2.9954350943327
0.472033689583411	2.9198400936688
0.656848050514732	3.05527113802614
0.695539095802053	2.59489627097389
0.66668195089952	2.91147526948352
0.857102967458335	2.87776241126367
0.248905813713481	2.74158713937171
1.09976961028696	3.41297528657221
0.805664925344943	3.00266071570022
0.877482031936581	3.02065506671802
0.97986222608603	3.08246414010999
0.809675702122639	3.14900664631201
0.574047440410921	2.95434701877572
0.682690494490527	3.11527874303498
0.70042360531961	3.08587749198901
1.04198781543064	2.91011253905747
0.844550432714991	3.04474129283178
0.849337292352165	3.02303945950361
0.752522092919971	3.11291839853107
0.735864774344557	2.7979146007948
1.01871124376825	2.92606739317999
0.690905926760756	2.61205873904825
1.10348991867787	3.09146047722067
0.795802550016184	2.96735281221652
0.916920335902384	2.98031431729472
1.00679893659013	3.09903334889055
0.831499222310575	3.25575423508972
1.03372382212343	3.19625872469321
0.835565567488902	3.02347084541092
0.594295176394273	2.71860244260318
0.789958051094264	3.0165754451752
0.709511506107578	3.009074089867
0.878512964913239	2.8656193708133
0.76728698959506	3.04685042446693
0.706428176005378	2.82356242238534
0.787500209236607	3.00780419649813
0.775632401200805	3.03349920362614
0.962790881314299	2.83389018957835
0.840980385001741	3.01019720266232
1.01391343129262	3.12139986151138
0.959682381665697	2.98243012050911
0.881162488086282	3.07206049125106
0.734161717127519	3.06693547944588
0.426570829917303	2.8558884331695
0.723018131933526	3.32069920325632
0.752050707997366	3.11866039561553
0.245876420353813	3.51741414603007
0.932364700996942	3.35376612808425
0.793508662124017	2.98126299880568
1.09385103524318	3.01806930979601
0.915586562746174	2.92405998653059
0.642349119638028	2.8602014175753
0.704754164735713	3.01361675022316
0.782039761098194	3.0671104707718
0.649259337053694	2.96535128903086
0.798648519272615	3.05829222524729
0.793470329210388	2.77066841803744
0.790688743267969	3.01362666654616
0.762153510307847	2.9812013647255
0.603450566899039	2.8396889542838
0.527811622368532	2.97630524648939
0.878517494027187	2.70122753218262
0.720248850131789	2.92550810987183
0.796814588329763	3.00951700440192
0.488710821781938	2.57018828243533
0.836385207307861	3.04543795197903
0.794938755251653	3.01182351635454
0.822568565985346	2.9752217806142
0.816622268319258	3.46255753164592
0.960326294455288	2.60161931785665
0.684410796853184	3.11152985943296
0.822147035902427	3.39545611954601
0.575850312453681	2.84388029438501
0.883743856557394	3.1961794179482
0.875983025529847	2.94002275659096
0.803708594901005	3.00441702043031
0.909012095868004	3.14233578029381
1.05196488138306	3.10373815442458
0.899574738611353	3.17610881986909
1.08561136899953	2.95529760375564
1.18269832575613	3.12181462347089
0.798329222190768	2.99825660645333
0.686944460817118	2.78440752354091
0.875323736592311	3.01296432539952
0.70388680327528	2.87557315539829
0.921427985065442	2.93613479881793
0.780018156001568	2.82566200261022
0.841639300737756	3.14514981964281
0.905488858909964	3.03724736132494
0.803971606721967	2.98311518225993
0.709862367116235	3.35283006672877
1.11006043172447	3.06036938591751
0.757701646332681	3.01666682320007
0.685124309213375	3.09507352684386
0.539075765104109	3.06938210087347
0.449417447252183	3.26962012145446
1.02322929042812	3.01944686838822
0.515722445644653	3.03587142926772
0.783047791827509	2.95336260002869
0.787305857826885	3.30713639611484
0.890796523774097	2.88213162028064
0.760997076479388	3.0217700081319
0.668645000482883	2.94612469359196
1.14906494804279	3.05222003540517
0.844534943929214	3.24426378923029
1.09683015665371	2.93809752111108
0.557811285733923	2.75145769076322
0.764599781267862	2.93387486553989
0.700175650394626	3.08158762691251
0.846507880098297	3.14918301547223
0.592363896656167	3.19989759518333
0.754082770146185	2.99606316500763
0.843719189316402	2.89443747359184
0.601428542382075	2.68454423023496
0.547542629150077	3.11856980831863
0.715041714333887	3.02587367824343
0.787265625201381	3.0093228173406
0.758459645708507	2.9474332708852
0.504169950801981	3.19518589748457
0.946273556241907	3.23968647560696
0.731705361595688	3.0211744434055
1.00715210617952	2.97529013245371
0.616976264681911	3.02699225700685
0.792554767033399	3.00080427280836
0.498748548804536	3.12712717885031
1.00891221773811	2.87163073132211
0.805770762614571	3.0019214001054
0.845711357475899	3.04321937135226
0.66554356749294	2.71796180042711
0.569363824931428	3.0678014405198
0.79659151642706	2.99701101978533
0.681355236502308	3.08172988177927
0.830916873254393	2.94452457553541
0.803177074100708	3.01921944851007
0.792542392739029	2.99299405989179
0.709261472356068	2.92990382940948
0.778337744895735	2.94935143220443
0.761462453833085	2.89824237130312
0.974133233549844	3.1480605744972
0.975526783529087	2.87504182298241
0.929328634289348	2.76941443847602
0.859661997438681	3.18603382952853
0.830980643330491	2.98254551287149
0.785597765633682	3.06478341887597
0.814599687255983	2.79576781521715
0.595082122693687	3.24994132048186
0.731767681251482	2.96545043873018
0.675657629343458	2.73120548206826
0.633546224506734	3.03266027817801
0.802122288759003	2.99712749717408
1.05022682719491	3.29517130033371
0.905361335429646	2.86844055520237
1.06673627668909	3.08349553827105
0.788389951937204	2.90563431171344
0.671702231349757	3.29474015048691
0.830283613913559	2.97435445676678
1.17998810491494	3.17407215732892
0.663448566992943	3.10664423671967
0.804956726752974	3.1206720386481
0.796091582530346	2.97692352228139
0.79450375478961	3.06561989859481
0.919038187423891	3.07215080448706
0.805566679472717	3.13195524977664
0.741077001773575	2.97940735796505
0.86166340496523	3.11911899330808
1.40219901441741	2.81630604969711
0.836655039963642	3.07249392750166
0.709597777440311	2.51394370367747
0.780538720522913	3.00880343366775
0.92135954416341	2.88169500867923
0.59875568343895	2.97039815093387
0.810050965431984	2.81073171054523
0.82578267553023	2.79286032317662
0.965599639963547	2.98939399167647
1.05065730716518	3.29327177379488
0.808945193032257	3.17075997903716
0.804042921096255	3.13920810229187
0.463642101047568	2.86638657877378
0.961072054713208	2.66751282317698
0.527348456223372	3.17733423020584
1.06438599171385	3.07987755018
0.742748897022114	2.84765985680413
0.91180430850086	3.00415674795546
0.963381539083162	3.24390336981801
0.996789479774836	3.07420900152833
0.748741195101884	2.92125442623994
0.798361604143949	2.90027298422178
1.16897925425269	2.42125206137438
0.993083809275789	2.9524728321239
0.910726411076875	3.01724927375988
0.778257082509111	3.07625877736501
0.657477833906299	3.14872687132434
0.83794042088084	2.99557276377983
0.743415391916009	2.85993563050039
0.431239119727284	3.39270376507382
0.771330275658087	2.86683373905276
1.04262921815881	2.98606860355146
0.779683553365513	3.07714053571176
0.670826210178832	2.99984319906569
0.764856035259706	3.00756910232123
0.571781110687378	3.76563184553549
0.788471696627923	2.87858750634268
0.796487412406349	2.96444256999418
0.753668868053908	2.92883427558256
0.756318808682136	3.16544762620447
1.01010943225215	3.00120858971911
1.0077716044051	3.10484368818132
0.927932899760865	3.07008879724906
0.775034055005118	3.02959706742916
0.801750465894335	3.43098662499495
0.794557108548479	3.0209039600873
0.773104617051806	3.07841747715303
0.966233680999904	2.98516811733789
0.986996968025464	3.3120002162448
0.558597278793966	3.03254927000193
0.418208112423704	2.85092508956479
0.85922923338621	3.3329608025608
0.806543014770044	3.02705711146821
0.685849544609897	3.05788892395347
0.790394479727722	3.01771452088145
0.79469325888223	2.99430083061451
1.15923850454195	2.66635691447107
0.819753821404722	3.02732814443818
0.732262277776036	2.85375114636649
0.655410676644808	3.01467141958705
0.964096288617294	2.95641592624955
0.731435619874605	3.11161372030631
0.823058385139905	2.99501483062262
1.45264316477506	2.43356554152023
0.76292788085813	2.99137468619878
1.07165087092236	3.11240780455888
0.91289440212034	3.23189032157342
0.863248779990526	2.87726111533664
0.617464845711998	3.02369409266437
0.765625728716847	2.98837284175918
0.824756958047698	2.70880927234668
0.741517041361952	3.00518506644146
0.679550421844076	2.8348371166536
0.802216356994283	3.03781698108718
0.930990330366417	2.97822684390349
0.592571769314809	2.80967068500921
0.625503040286097	2.99311728895415
0.803573940743787	2.97554954620153
1.15429018530778	2.82502717730896
1.04903542438557	2.845656211903
0.909501738877385	2.63964386441582
0.621452162028834	3.02722466693581
0.912160280231697	3.24281753837835
0.955633089644565	3.13909999398829
0.652719939978775	3.52558771957718
0.872161862031722	2.97633936623905
0.997256281432572	3.08020613056547
0.873365027598894	2.76325933453835
0.341570441040709	2.94390628407458
0.796123871293487	2.69084574955533
0.894840230845673	3.07095160883503
0.847453443978343	2.98901012904582
0.773460658244347	3.01533734700167
0.879671393093779	2.85008788937291
0.775655989725343	2.72012575870711
0.548298309366379	2.78525875138883
0.749235885823456	2.9427248026254
0.40841553774802	2.62236464929578
0.692166192062905	3.25260408368232
0.53773432232246	3.31258391140148
0.958397199571287	3.25450988381886
0.587175287276337	3.06630881276586
1.0717076848356	2.96903929281803
0.719320809955196	2.99084157263991
0.73627880753815	3.0717528761398
0.715347765780629	3.26315992365355
0.968941261659786	2.78505070940988
0.940153224740141	3.1464917290437
0.860040011422329	3.00698845688882
1.09422989350614	3.01947684991991
0.610635956775935	3.37688285581184
0.721259141151302	2.9687148990056
0.649103428618869	2.85928982311603
0.65648922579829	3.12195887577421
0.732671388338062	3.05801096855223
0.69251468522735	3.00093912879126
0.929215761703568	3.08740212830071
0.648005218809205	2.96275925831444
0.730746006284026	2.85890059778763
0.845950947348582	2.97834585967483
0.798644913915453	3.01098420715067
1.11376724107687	3.0407065990263
0.67118214332707	3.01156809360234
0.825281863036206	2.996827369148
0.794415846620063	3.01504261560741
0.788119392581059	3.34913434514442
0.851231510996017	2.98704697867807
0.839565145243328	3.00813550602482
0.800648441568887	3.00820917373611
0.585582147063835	3.09440260259445
0.685721200926613	2.89055026638768
0.908941250893927	3.09955527068473
0.74352856489037	2.6747431128564
0.828409766303837	3.19315954233192
0.695492761193288	3.19024934358623
0.952015187642912	3.06323759970812
0.818056312381175	2.92665032420225
0.825095250735185	2.76695797480157
0.64657253174642	2.9677576783822
0.885809538380206	2.93839921010741
0.931502388339488	2.70805228460991
0.706496880608959	3.04854666167904
0.97044112896059	3.05726785772663
0.778915271318655	3.01562014666126
0.990723134449804	3.39691298884283
0.919598627324003	2.97517935355167
0.514628540674598	2.99138074568147
0.795002121069844	3.06715358441134
0.817706447769657	2.99197281660334
0.916298348131049	2.85090890805734
1.00763164251039	2.99421444358864
0.75096287946847	3.0215653874238
0.746725810303537	3.44395560540118
0.901488000043565	3.10299731081292
0.764994796561523	2.84599906412446
1.14612205230731	2.75839344691303
0.930119076366767	2.98044663460386
1.09288657574342	2.96875480534215
0.204924292253157	2.87766903625883
0.523188229892872	2.92648131502342
0.798306010680332	2.89613602482916
0.538975641543842	3.16475759249221
1.10063740310203	2.97915575457136
0.875996720619382	3.32797386496422
0.632123633662065	2.98496573889736
0.971405901753916	2.71289319548271
0.236337771138087	3.57562518946304
0.835997530070906	2.92033065924332
0.646026415698003	2.87703128732771
0.738885021990477	3.22699351617577
0.713780125462042	3.23995479376754
0.885268966630396	3.48636591142828
1.03166754896234	2.86808857586532
0.975963935918068	3.24637676784355
0.937737098162715	3.04712569812978
0.906484699420938	2.71610068886826
0.628532276626589	2.83768838673963
0.790549250174802	3.09189025929084
0.820157059944956	2.86900939636458
0.682844438570771	3.12240394625932
1.15469791946632	2.99620714007008
0.821209574482442	3.03155476060489
0.864498695377756	2.92038063824864
0.801544261057842	3.09124399548873
0.808365381036398	3.21276074520659
1.0233283256581	2.99942934150013
0.664754798051872	3.00051195205054
0.956426425397953	2.92956733581643
0.988828857884854	2.9810044594899
0.793366536657269	2.95351971927825
0.799947988975654	3.00000933909226
0.720883957902963	3.32497365282293
1.17352366144802	2.97938582027417
0.881807233540059	2.92258571785658
0.742571950218749	3.02538894213659
1.04922645327671	2.59836521676129
0.809513763296273	2.91681296600998
0.716829979821356	3.10696547786501
0.785820406965295	3.12726248509822
0.672469369861788	2.78151948788973
0.741423702319131	3.00993350432122
1.00463159796321	2.96166351366961
0.951231987983205	3.29634489038475
0.823590734453802	2.99032461179733
0.779098477361784	3.03172405979342
0.830360264519434	3.03800612761756
0.81154259783353	3.05498252477193
0.859699327267984	2.96757961244974
0.686784481595314	2.87220747488709
0.546905525619237	2.32842289137139
0.744279863158943	3.36978087154751
0.771025316759798	3.26110891294432
0.792581934091896	3.02981606845552
0.616070985871776	2.98365418084131
0.835092004445052	2.90250246190364
0.426534211299656	2.71272782563365
0.813603310038282	2.7556421546957
0.956705801040636	3.10181892017243
0.80646184988006	2.97783598563163
0.478370606963772	3.40247712709258
0.874760317975903	2.97664579028019
0.361942922192808	2.64798267670777
0.717181333088713	3.0833275105781
0.966874783901409	3.16385985976175
0.842095484961871	3.35083226398058
0.663410207302571	2.7229657622275
0.824439942839826	2.85736341020623
0.75713016327287	3.01755193055036
1.01831170985312	3.00862623915861
0.942705428843825	2.82512912709805
0.66264084825815	3.07302887827006
0.75998454149028	3.00087941631601
0.847120784891257	2.71513286251375
0.807337497983564	2.99053649554012
1.14655684869832	2.9407059309804
0.82728459669388	3.00440524785593
1.22488804508342	3.12099060822988
1.05573272748728	2.80843534504872
0.77610171640135	2.75200835325688
0.793749675666811	2.74522651749979
0.424654040357516	2.96685934942781
0.897021268553751	3.09896353628573
0.910043569742115	2.7350826296542
1.12936563009551	3.09614552260563
1.01537577306882	2.536887837595
0.736860771452463	3.18719943415189
0.792643509959201	2.79845219761616
0.864156524061012	3.15766980974382
0.825035086698283	3.13295624117294
0.804411084928858	2.87610055941415
0.854969654967496	2.61466137088844
0.818140474518101	2.98867585198094
0.878518468988244	2.96491974045109
0.960571261886863	2.9616795683995
0.900927130816137	2.9558772396124
0.93183875387747	3.0971010752547
0.820450294181731	3.2198500530296
0.795221306492118	3.02226430983286
0.770261914526978	3.00252148402408
0.826382676629627	2.96992041359301
0.881283548225239	2.7341744334697
0.830708565448611	2.80739185773809
0.750108989241461	2.97075412847793
0.614110826112582	3.15568052385179
0.813593267255005	3.00603114150197
0.432802806814838	2.98387636017958
0.45861819006892	3.08116989999658
0.869122477402528	2.91198220816225
0.750791767321126	2.94489258638098
0.840128695730547	2.89688394267566
0.842271305201164	2.8907616113567
0.492584994967321	3.01866200457672
0.654217361330495	2.96781329978131
0.779554615593944	2.98975519871348
0.858237387576863	3.02242489341053
0.887006905799152	2.51666556996028
1.09619310740632	3.14194590314982
0.560953897200891	3.10641071826976
0.784359388527279	3.03938665218147
0.726498888629189	2.64987285752376
1.03233380055272	3.25015054802506
0.63800001565423	2.93572653869785
0.732019276630618	2.97345388171051
0.703850013111741	3.14792210204277
0.898453321039973	3.02909501808369
0.664661049569738	2.57044845200636