1.12891850467241	6.58959403843976
0.972765731325293	7.06726410108224
0.954393302600706	7.10235801908002
1.20353859171738	7.17225518465355
1.20410456009561	6.66979787122102
0.699831231650464	6.32498939181589
0.797889921362248	6.64309099187515
0.855955871245309	7.03702527486871
1.02056513250527	6.8851480125297
0.518995588704702	7.46214503342335
0.980459094874823	7.56357194157418
1.44671668958526	7.01690782140544
1.18716842748656	7.50895117934698
1.25949400984871	7.31332196074919
0.948397823721542	7.15082386402582
1.18934366938761	6.83283039826844
1.23853910765981	7.03209050521948
0.403863247933353	7.60804781486074
1.28848649477218	7.11503343110613
1.06458049217483	6.29898123882423
0.955221337271369	6.81470701737634
1.75719496585749	7.06370792644204
1.19633371354365	7.38888629287316
1.03286913716582	6.89100888654864
0.773971599855295	6.85316050994119
1.02251735191277	6.97861784443231
0.243746599332815	6.4751458509048
1.0427432794554	6.88547161191568
0.85419021585128	7.08214448932
0.888930081567057	6.8879968605265
0.430038760186766	6.93659254277988
1.04247127582573	7.44498302493831
1.35872604850372	6.5778341357085
0.864288436355924	7.00494523788233
0.857688433204833	6.61686828860645
1.1771901138228	7.03963180838797
0.98840439403	7.12426075409859
0.907519818045169	7.18863875614444
1.37741859074783	7.54349984476772
0.0650331657804286	7.2853345614788
0.957219797277367	6.86840388871542
0.694882296973138	6.8966793243568
1.35281908175366	6.95786536771178
1.11226125775012	6.4565977288445
0.928752288585385	6.92215800479069
0.937301397696186	6.96767763849814
0.893432816310218	7.108318732795
1.29456497749811	6.48059378790693
1.01902542550473	6.91933768178297
0.657847444973896	6.85079515628035
0.722797550518635	6.76137451884688
0.892136205942628	7.35633586385449
1.26900188704083	6.71117325314616
2.09137004881206	6.70875821227648
0.815189629322113	6.75106441559991
1.15331166663556	7.4537253633039
1.01553885825546	6.80487196488598
1.93313245846979	6.5011099130554
1.35194976728168	7.33436129334796
1.11888495755124	6.85078037663581
1.17046646864925	7.06413116032059
1.18515771053641	6.85979808003214
1.04844076558309	6.98119387840029
0.954848902430271	6.97862380534588
1.24737241564582	6.5905786864248
1.00903701661379	6.98404422639999
0.247105224146217	7.5573221814142
1.14899790267127	6.89966958796785
1.1172174982024	7.12718030630988
0.691806613940281	7.57591680154662
1.15380893488643	6.21022190700301
1.08119514605933	7.34750022466774
0.827428551265891	7.5641825098852
0.819934462135608	7.27089488263577
1.11668775539479	6.93783552760128
0.959651666950064	7.81894644351456
1.0830594180215	7.32959006227225
0.700407822033568	6.61252800394646
0.943939546931921	7.07253970933577
0.897222423920444	7.12795627983874
1.90928737476957	7.59048448973529
0.87446385782809	7.1684881320276
1.02244145017524	7.05017338114103
0.997689924856778	7.06150440831575
0.415737145295108	6.8966721480912
1.02562332330836	6.91670621648088
0.635539774851423	7.15507886734469
0.845906598613038	6.92302189703236
1.01617523649493	7.24419735116824
0.526066518737879	6.89815400919725
1.03649205995762	6.95700324824699
0.988785211769759	6.96608268901337
0.440372971797166	7.46606161545694
1.11703411110162	6.93765474902325
0.954731263715288	7.17736911545906
0.680265092789741	6.93988258105427
0.846722059535829	7.32845027297926
0.818534595291515	7.09715924515781
0.93439421256726	6.9324082292166
1.52997863487051	6.64985582073887
1.45262165368846	6.53093640235502
0.826868806257309	6.93209152818115
0.984668393182941	7.03932284639669
0.378601165872543	7.14119970755034
1.18440094475444	7.2103291316907
0.872302880821614	6.71567784930646
1.1680845921388	7.12024022582706
1.05445342129579	6.94221179940504
2.38838562413984	6.86639777363979
0.479444925006759	6.85591617762472
1.13966644113216	6.96643726094288
1.18115076512554	7.17625590068983
0.613213191601769	7.05661718333754
1.31073438483731	6.97077100851751
0.310638954408102	6.65227677431502
0.840449851940799	6.444608137801
0.566713564384807	6.50760257256474
0.784964446379731	6.88301990952515
1.22351384822686	6.81288808023065
0.983527532682334	7.04982287928987
1.02487237806476	6.50170522069642
0.812264441956138	7.12368671197986
1.31278350900968	6.59510130662308
0.340807148118993	7.14128868378374
0.991448016706922	7.00253757344375
0.958081552802159	7.43227700598724
1.60541398230076	7.08337538175781
1.27331781494006	7.24482046138201
0.875877274218163	7.14890265209512
0.977635415840474	6.818639005302
1.53097110107835	6.88154838925179
0.945477030102974	6.87784582109158
0.863841318984474	6.58176016986176
0.715997468908821	6.9134094820895
1.02645554284006	7.41155132213557
1.40428616807701	6.46526441610029
1.04227000883988	7.01416538400394
1.45946433421	7.23368403959798
1.59720680211622	7.20049801433399
1.68228659240334	6.66565957291076
0.877049101569153	7.09499788875974
0.75887107959391	6.57634164409425
0.992282412418955	6.98235513152882
0.983816913073977	7.02698142517421
1.36996443628559	7.04240589706852
0.858514868156425	7.33634321025457
1.1907760429381	7.13510693210855
1.09268610671423	7.33562822672685
1.00148300637803	7.00753338671003
1.06290047072203	7.0297772468546
1.01707940529065	6.86818674689629
1.60451477529301	6.8431989145536
0.651016332809029	6.92144101813673
0.39958164769058	6.83540809500856
1.47419388122431	6.98683547463341
0.996737862637024	7.11374452083024
0.391782220785909	6.44004740794186
1.11374353096974	7.04508216199887
0.786626157123518	7.24911173731793
0.940996610782059	6.95526392638718
1.61808912121324	7.64152279726451
0.964243827791757	7.0177394774367
1.17831554827938	7.0680869283534
1.04207934886829	6.95714561096002
1.17687939737442	6.91297963085129
0.846330110732431	7.73229000373159
1.04850827691669	7.22741808433188
0.982162310645496	6.90588126168856
0.946376885262612	6.99394740568106
1.35302754392796	6.98591670681715
0.763777697219006	6.72763347326958
1.31142033269212	7.03207192921767
1.25824720250609	7.26668929871444
0.978632799198788	7.04857416670654
1.17940679766545	7.76927660847177
1.32478887072672	7.47812932195128
1.19648365599161	6.92019470346142
0.703603354680281	7.05050885956912
1.33165926986077	7.25234067170739
1.21828850896314	7.34445996034999
0.130767088035231	7.60159804697078
-0.271494080821684	7.80802652277099
1.18262520556277	7.22979438068739
0.83426810450057	7.25178663518971
1.12391864408784	7.00853159722271
1.01646237620836	7.0278332692347
1.424304163865	6.87584834921819
1.04823601088168	6.70152432733595
0.793727991483262	6.42306734760889
1.81038233993101	7.27094729228116
0.984147094085353	6.93747464413976
1.12598816486786	6.81336860449147
1.22319118743232	7.0198079108535
0.591166541769259	6.68991154472151
0.990321043592616	7.35401338782556
1.42443931719621	6.71965162994931
0.884779873529116	7.12366573578634
1.21603419262764	7.13205251623629
0.559593742399313	7.91472619851092
1.03308574108384	7.31713648906727
0.755865692671561	7.19769923233875
0.632100827797634	7.2235914579177
1.49386044018784	6.84675057579878
0.669302483325163	6.72833607292543
1.02685347418055	7.41707793949484
0.902612008874423	7.31903724307956
1.04264794223425	6.84547344817839
0.418797357599605	7.31366193524603
1.5557253743237	7.22654817036463
1.17821556802756	6.90284071874723
1.00610795569756	7.02439161787224
0.786134342389306	7.07366326881633
0.799496328489376	7.17238006860473
1.02245508551694	6.44004093818085
0.868603893155853	7.05797657791261
1.00524905572642	6.99014741488287
0.89546581100039	6.85632191654495
0.839325040167457	7.24215585446485
1.37486410511199	8.38537244007884
1.13666702177851	6.95726544853654
1.4689589442642	6.85146914155214
1.79304229768229	6.7951376971534
0.976716183725944	6.81117901571763
1.74070311344764	7.38057424791708
0.843506175341102	6.78863403380082
1.04297687324675	7.00839597107408
0.57427135130682	7.00179731776656
1.11231381328057	6.90089145912548
0.428745209641584	6.84267444807663
1.05382861156964	6.96900761975311
0.864965105339552	7.37335184350359
1.07470149749341	7.02132054653297
0.981284151224497	7.08078559737268
0.659523100704844	7.11097187994638
1.38801610695232	7.54168117166045
1.19014520454502	6.9646450410375
1.08269561239768	7.29029036054765
0.938417794510403	6.66027796444859
1.55736205322716	6.82928074996662
1.02562150278561	6.6637364294147
1.12782120314031	7.25775430852892
1.30362794673225	7.78020262417217
0.970601991601353	7.20575464715474
0.428307660847687	6.73129532618824
0.917851471214876	7.50134489305288
1.60212107166749	6.90529519194515
0.705160714113346	7.18654246686499
1.51815242085553	6.47200877560635
1.03385070316366	6.74269177542971
1.06336635714567	7.00211687202598
1.19454213636017	6.78734712529041
1.14717875883993	7.48137749416967
0.509058333700396	6.67363605062833
0.888855682139444	6.74642010993194
1.45877230972799	7.0782271123923
0.977353624112184	7.0146384800797
0.693413563250758	7.2780010110234
-0.133033644186338	6.9062715741255
0.813537501635028	7.44963582078456
1.06726684910952	6.40302666466488
1.00008904514972	6.99947759991798
1.58834713585545	7.23885823976062
0.772045253554678	7.03501139895262
1.52918598621676	6.39089870325255
1.14226604112139	6.28765312386318
0.984169509317267	6.98039859304769
1.13202582892447	6.95065804974198
0.265193347281181	7.43087866782615
0.991900297183045	7.11508396735172
1.05789896763433	6.94801593711686
1.06142503861003	7.19389211349114
0.666527691621639	6.82650344344109
1.45344035683247	6.91212534991593
1.27716377383297	7.50055332423523
1.02892909314925	6.97528469265513
1.22487870102606	6.89737107197324
0.915122632655685	7.19054866520297
0.713320341471363	7.342341869537
1.04808715079733	6.92813229008251
1.40683286172871	7.40250011004527
1.02872097504565	6.39155018298709
-0.116947861803321	7.52987249328178
1.13965316424404	6.85819623726196
0.988211081510909	6.87495132380257
1.00341216132877	7.02432080324598
1.59356443596063	7.31742201840238
1.02826278501951	7.05358738522734
0.980231118979891	7.14383935521545
0.899927410329061	6.82333761796293
0.80754590479376	7.52220385330132
0.953972599094206	6.99981513940182
1.15022326931159	6.86305880270506
1.18388977303114	6.69970690024143
0.97737020834245	6.76579970609706
1.16660990812499	7.28810409221416
0.977410598316969	6.70194270979834
0.805993907536309	6.92959773966982
0.839883251690348	6.4671985885838
1.41648513821911	7.22322921823054
0.707521442382921	6.91109515504876
0.706136618754419	6.77295909504756
0.568423934341942	6.95229521818493
1.15265112333372	7.2826270373313
0.999545420373008	6.99391021812617
0.688542817007874	6.90499900469268
0.983769249713961	7.01210132662543
1.22045909437082	6.87443064622552
1.5806876063342	7.46586155627668
1.02856412586431	6.69116593267873
0.742930603121117	6.58801820153103
0.958855097721927	7.1722707589493
0.890563649918625	7.00719778001888
0.932283989144385	6.9664837346673
0.985613562842546	6.99652048247766
1.20842753591975	7.19702156332156
0.819287429164863	6.91582990622708
1.56148590278116	7.09813118674818
0.863519953870349	6.69140553875161
0.695765557106715	7.05604164302055
1.60976344469138	7.06783566659876
0.970866604113776	7.08669687606682
1.09402510714769	7.08010473459832
0.91071756648349	7.13392440284702
0.328539365901576	6.56747746711122
0.882080880627665	6.96322185355265
1.64356158784993	7.23170471189396
1.00057403065587	6.87012396303313
1.32828624581466	6.63196522947393
1.13083990721762	7.08213922550243
1.36197668530292	7.30369168949364
2.09878951459933	7.01090752643391
1.69765630433575	6.83625393491644
1.0814718479488	6.03164739051772
1.49916648007394	7.4905728084511
0.66867582972964	7.3393220674882
1.06926047829399	6.68897298410017
0.481900763651222	5.92569040594804
1.07647492683219	7.24578643618196
1.28132752066948	7.19869062241156
1.02682558779941	7.32880269220476
1.28186168500576	6.94732651660225
1.19466295759396	6.67841860892286
1.07438699675737	6.48848409872407
1.13181684998114	6.87607808583172
1.05512386011594	6.56800293846729
0.95275337221705	7.43798261994648
0.622301244775682	7.31311156521478
0.789741961951396	7.68758784413581
1.03043576622322	6.6290264491017
1.28646728717786	6.8985464830283
1.38242948580005	6.8458902382286
0.819386716072933	6.69266710014261
0.740916020533443	7.02520430253536
0.92159663441957	6.50786278228979
0.704534344814559	6.80809896267759
1.39813336731867	7.06020655234255
1.29620159207616	6.73059880286136
1.23044171074987	7.09299743084037
0.993315015070694	6.84748748624384
1.08607520274523	7.05552198482253
1.21450070954988	6.74244366595799
0.711530492567103	7.11068402035577
1.62829750889782	6.90899220775399
1.20225565801182	6.63885534653559
0.737226870076393	7.92896632527365
1.10638096520485	7.14614221642191
1.13733457366548	6.98973018902275
0.92066141036112	7.81565503588169
2.05303905610227	7.14387063175518
0.846143702929626	6.8945607510368
0.573422074866857	6.97348433498797
0.986850260200811	6.97260215694814
1.0776574417442	7.07762029093348
0.957044464501134	6.91684393889014
1.01421468176559	6.88875328751501
1.35040995429604	7.1193725368616
0.770981793107316	7.03373667036742
0.896910582604277	7.17886009530713
0.861631846757643	6.83435673880359
1.1755750411947	7.00715468264549
1.02059646869537	6.80031050327131
1.33201053263892	6.85804692081045
0.593888727679802	7.00725135374307
1.01912204243263	6.89808884554283
0.890563004404678	6.84763401568427
0.984817627445205	7.03811720324074
0.977053512077466	6.90746373650841
0.56513075511925	7.16140503323486
1.42501285930224	7.18795286214934
0.914746699603912	7.33998893183817
0.991767467905743	6.87092618783445
1.64569003166018	7.13330075012945
1.4933525111242	6.92916302357872
1.1022186605718	7.26229124250313
1.17404284457934	6.99425747333622
0.549050613623622	7.05249013401157
-0.256065420545428	7.23240209964091
0.946562434518181	6.98578613437151
1.43706129356862	7.46405534473339
1.05208084871526	7.58367624361876
0.758584619899144	6.74704317395794
-0.250162267682184	7.01836484252801
0.829729426735865	5.71518222134968
1.25405218535968	6.20274205867601
0.996006075973157	7.0003089868155
1.2646542974664	7.05718002902739
1.00278873156408	7.0035430981463
0.938302020938418	6.97301822971597
1.10945908029522	6.90330046481438
0.857381315756273	7.49498150268391
0.998484867327398	6.8959426761211
1.5476664297313	7.5818097923428
0.456379287646835	6.50900044407987
1.05831793335246	6.96959891637464
1.17197012066658	7.17262772502505
1.05346391908672	6.98605021222201
0.773266427910546	6.99032446180477
0.928182397650305	7.00217461133436
1.06183948299685	7.05547290837938
1.06718577126689	6.46855820096423
1.10463474902508	6.92787868363609
1.01483580766193	6.95508567250864
0.830127032120587	7.0385245132348
1.26347715560615	7.05270974699945
0.629304973755279	7.6480559536996
0.945758007355103	7.49388259488591
0.545086059946748	6.13181111819712
0.933482708718966	6.9968975951105
1.16728503010028	7.18949566832841
1.28614185335888	6.88364313142611
0.834760772238813	6.61413483820308
0.875499680281742	7.17650293247284
0.824691875429736	6.49829975554267
1.12058189584693	6.31743742277017
1.61218630011748	6.53747144666658
1.05545548772481	6.92290917186649
1.00912683936334	7.33970341207166
0.983143745815203	6.98772012170963
1.12682944277594	7.37938621032705
0.84147849251242	7.02372845109992
1.70344524310297	6.54803241444376
0.988104538755921	6.92975797170402
0.48400729391816	6.93724103324554
0.887948078383211	7.14708735309022
1.28525994439146	7.33422190741073
1.2547647708198	6.86086164481915
1.0625951582007	6.9099351021131
1.00110418048501	7.29917440936083
1.09920837843038	7.40420478869709
1.05696162385942	6.41394395317302
1.42334917180053	6.93978438212865
0.954943285417756	6.81985588257078
0.615738430787554	7.06165151445484
1.1416458880775	6.83672661734329
0.940600746266277	6.86602832927771
0.801581823671459	7.20116871198164
1.66827318644602	7.2787787453684
1.83275487730688	6.9952407275821
1.26123749126698	7.02113420023603
1.0015167504576	6.35455221753437
0.449266789467909	6.63743302732905
0.864156972524724	7.01911781673224
1.09165581295148	6.90436305051907
0.874093248444226	6.77843059808616
0.764533385569718	6.82672927630774
1.00309832256608	6.99473027399551
0.813325048370552	6.70989513788488
1.38260538899022	6.78179983666268
0.456988884135174	7.70701919423549
0.980339320470595	7.34039382368495
1.09655648029766	7.00826785014871
1.23963274677896	7.17357632662738
1.18341326620164	6.59034130381114
0.885411821180359	7.13842348868112
1.0885405126258	6.92098293032441
0.846609175516576	7.89059022389613
1.15723118400004	6.71603718552331
1.10953964220635	7.19069189963402
1.05383136201992	6.98555791750044
1.04567972999521	7.04163213072142
1.1151642613044	6.99189735186014
1.19263344027319	6.95595342146659
1.25745069098494	6.5969197612218
0.531556548305113	6.99612052036822
1.05806423006775	6.76695613237485
0.720598952616127	7.49939894077638
1.08200191614802	7.11085247254743
0.961765649367487	6.70405020440204
1.02807767444421	6.88437391894785
0.980207507934367	6.97337796871982
1.13334555951147	6.73400235765733
0.346863337666341	7.39436005098411
1.01422467216171	7.04047085562134
1.10916575915104	7.16656385396036
1.10680376862548	6.75674326207147
1.39585077224513	7.11685261810269
1.01608317763646	7.24450015300111
0.651447491715063	7.36137686019728
1.31942419882915	7.25214731668801
1.03211885536745	7.12083334019263
0.564039552307257	7.01839627119234
1.10010791863596	6.99185677370547
0.904750774830652	7.01013323502349
1.00177159580114	7.0210512323255
1.19657047098772	6.99439897764367
1.16583390987671	7.06304870214259
0.945080111145035	7.09109432689565
1.04268029480427	6.38734846436465
1.0558734521703	6.95589655657978
1.20315053565332	7.31039236358523
0.44124090277892	7.10045541755007
0.986863075055161	7.39801641391033
1.0893367981177	7.400450180338
1.258126280206	6.76134305895118
0.961984100669425	7.00079557780256
0.215567927186539	6.97623333171991
0.994515087488903	6.76387889873573
0.862973015477114	6.9489855162855
1.09067177286801	7.07801363566454
0.898552448971179	7.80969460691274
0.568677407249625	6.63242871136075
1.09978477905559	7.09843980382997
0.932541877198682	6.86095637445733
0.84715503918669	6.79832694129604
0.290485440947808	6.49889253143735
1.73670639368775	7.26780786118831
1.64853073866013	7.29701246428796
1.06704706955182	7.0477292254563
0.909019534383329	7.39194745883336
1.27609969608183	7.4150862996959
1.17812316624434	6.90666555037233
0.720616307481524	6.91621239511511
1.04729259581698	7.02809038073366
1.16309445894367	6.76002261599369
0.98080075275663	6.80582532954519
0.456363980206636	7.14917382744795
1.01507799961984	6.98153856433384
1.26423359038173	6.85221900986483
0.765697561560996	7.11729370136223
0.975034157879994	6.97131188317236
0.982763397411517	6.91827021233062
1.21546600685899	7.21648807030518
1.57003547439385	7.34785571552307
1.03084185335284	7.01242046875414
1.05830684449746	6.64213416060174
1.65852232006613	6.55498315951288
0.984009319633872	6.96373153896146
1.05834745543743	7.60116684616988
0.944791011976315	7.24705283375158
0.846685301503154	7.11728280702128
1.10889292134136	6.92039723029833
0.86842646575373	6.90148565495022
0.794578689549956	7.17939051535695
0.112147064757726	7.14599740371595
0.815814708088058	7.29381501159581
0.0656299638647804	6.62378515213178
0.705625844391861	6.88654657440624
1.86074648470569	6.71880676496085
1.22092215100625	7.25888332061297
0.927054781567547	6.80512694383033
1.01591524140948	7.79167254541572
1.45925553321072	7.38389012088726
1.13849773962122	7.0973777103956
1.5875658158614	7.32195669171127
1.22836184525934	7.2892327433887
0.437873731323736	6.21152798508021
1.11292929691928	6.88556593374326
0.772510731808414	7.1931601545447
1.01108130461399	6.98731165259247
0.75170139641324	7.81498594446534
1.05579755872038	6.93029861101175
0.74569018210989	6.77799192672349
0.977915512859676	6.99410741650673
1.35329455108983	6.13518053704304
0.987663769898472	7.1783962208662
1.00392698428511	6.98174951267233
0.901107108950377	7.19588059938667
1.56611796316416	6.83084043418942
1.13626282945547	7.01925140112879
1.1011080752192	6.95637580163489
1.17760340587365	7.21096831766853
0.983844145832478	6.96364806257385
1.36162916515455	7.59082394041817
0.778389743009786	7.179233096611
0.87476750570295	6.85756560441259
0.533439552864079	6.99613828146776
0.946112806082775	6.97393914684622
0.967833766152535	7.14775936150413
1.00308579281035	6.90220261617783
0.677755352914357	7.02835559313155
0.931722225128278	6.82517295407021
0.675726702404362	6.76339821521513
1.24515237853927	6.50104756960643
1.22888292747378	7.35210822770256
0.66850173483763	6.94446761441157
1.38707577185694	6.96984077060317
0.755579841652942	6.52399519971063
1.23205205782484	6.48102075493537
0.61911406059757	7.15345616454292
1.3365192453211	7.37780927301738
1.00394074020021	7.09593342150922
0.574234533927993	6.54154460255549
1.18962237113747	7.15027194715515
1.66793333298422	6.72024011564033
1.43355992615883	7.11077427784897
1.24087479366688	6.98062431851996
0.678667791283456	7.19870753988369
0.436425407891901	6.6303775706538
0.340996732376853	6.93306733787493
0.939943963928308	7.1380340432769
0.978930750952919	6.93631902658851
0.964232805906452	7.35884397427936
0.107467950247874	6.88813748938858
0.858221302987831	7.08451980440383
0.996588842915582	7.49252924123482
1.26935085257678	6.88300923506373
1.36031555239686	7.38939852993502
1.16329289588916	6.93466109280845
1.28867659668224	7.43871395187904
1.42428607315871	6.95146760677436
0.971829571907432	6.93000410224837
0.444012005327499	6.97589101267152
1.14207459998664	6.83343200823162
1.00156084374426	6.99821920018686
-0.27581134543457	7.1995611227394
1.2974051390611	6.78696251468869
0.612756863658847	6.79886753474016
0.994928671212795	6.99934415256847
1.03847123199054	6.75259678015077
0.732169929826979	7.16048012824952
1.04251987819025	6.64287124155254
0.994268528046518	7.18764065029883
1.14254727998807	6.93175577810834
0.881295278387277	6.93096133402394
1.70554836026176	6.59376918547085
1.19397788843342	6.99130350253661
0.38941896361426	7.18752501525889
0.867519750129162	6.68508261798419
1.18907040525708	6.88088823378854
1.23357032492206	7.39375280163075
0.991817285184649	7.08386154975398
0.924822455819594	7.13014073077
0.639090106084689	7.07682658369476
0.702329775443659	7.13163333313916
0.77519973682922	7.13857752801045
0.367864053954356	7.20234762471245
1.08758497759059	6.53907868158316
0.877205677820535	6.7129693164497
1.18116688882878	6.9717990423577
1.65345069918035	7.12118847510245
1.18483561250629	6.28898161523097
1.69795921766218	7.13623616997501
0.910029221929557	6.81167892244397
1.50657542186007	6.79774695719136
1.26523148206621	7.27308084076465
0.587835754442746	6.80211570517504
0.97841052691924	6.68168712171475
0.905025389962437	6.86809334458759
1.09629093218319	7.63931214398783
0.873968840675485	7.52464481759791
1.30155053440509	7.0237875382622
1.46296771685121	7.43483076608502
1.13591972546058	6.99450854555101
1.66487282573463	7.52547600547067
1.09521680440101	7.08543403173877
0.708811422622061	6.78253638892913
1.87523542461053	6.71789748745585
1.19709064179621	7.44526410457354
1.00716799695468	6.99044522529698
1.14493135570946	6.93485260026046
0.722973094307823	6.76778483420649
0.928510627980391	7.48801950106137
1.65041858309981	6.61434031762559
0.460879493786143	6.74254179975013
0.235496498248764	6.90955433658471
1.51924751538958	6.66290233330662
0.829265649282971	6.51723531931228
1.41142686441709	6.87834366458219
0.704658387796817	7.12879328629181
0.864331383352005	6.46634125725908
1.24790620671895	6.90331365947858
0.84690531754604	7.0763555033195
1.29879545302402	6.93305989744519
0.97705304050452	7.12556171840374
1.39112760220114	6.92011122901411
1.01284158668692	7.00117953207138
1.45309135707836	7.02367518798066
1.26910172852369	7.07636916174737
1.13870346123679	7.03908632729124
1.0030739945474	6.63678379234007
1.06315048381177	7.07149615801036
0.664039870258682	7.17860947873877
0.60510892144858	6.23582035778775
0.723412203070456	7.40226018004042
0.653320886051392	6.74292551820472
0.492238923966032	6.94158896333178
1.07701457698725	6.87923145796687
1.02449761969072	6.55441391622114
1.0092260984568	6.99724501712863
0.887313725711675	7.3513279341683
0.382503634093843	6.80033491371952
1.06304437714819	7.43103106396639
1.06254023998404	7.38192437175592
1.19199277515381	7.00849709970131
0.994799176764377	6.96319765917043
1.05043181882636	7.16978497637783
1.50740767414487	7.48298178213981
1.0546700722408	6.39417841751926
1.25658071635643	6.93030481540514
1.4615830334086	7.44246065961621
1.30882053017626	6.45164285980594
1.04371998775982	7.02702860814528
1.82950424403584	7.23384765265178
1.33591818331709	7.1090899338063
1.08717223515549	6.85932409849048
1.32008403258597	6.98109175926526
0.588597643211368	6.7472717669471
0.516178347215893	7.07235331381154
0.889742626888953	7.09385752298286
0.642867332333388	7.15892183775987
0.977685746950463	6.9643036839423
0.939636788040531	7.09844570696913
0.999036610795768	6.99968506976782
0.99788522944442	7.00528242483758
0.963140645947707	7.18605372467749
1.16011638944834	6.82612865529679
1.01494160174564	6.87173034274324
0.95399941260378	6.89865431911184
1.61268939644682	7.13122949928623
1.07075989079975	7.07542330031032
0.922247788342413	7.28248110523926
1.02624080426172	7.16529612246656
0.983227533860421	7.21881749779666
0.201490111486303	6.1384660151902
0.926241008052732	7.00259686193239
1.02911487119381	6.79081210157451
1.07092068163129	7.14567198436331
1.02537016980262	7.00865918327819
1.1732412343009	6.951694275124
1.11908406619481	7.23101489706401
1.48464077780927	7.24418898527252
0.93886237046234	7.28403794164399
0.92884793424953	6.32167794710418
1.68131403773904	7.63261269207543
0.802234576462631	7.28989233060221
1.10009944640001	7.45798807987925
1.38785511803353	7.06604100944689
0.800844266456594	6.90610635051347
0.703591666422544	7.33927628224089
0.632979207347023	7.42073629823654
0.72733195865884	7.02951622551369
1.05595838664323	7.00607651596745
1.06720614706251	7.01836112350313
0.872807334961428	6.86031111632925
0.989157521270242	7.32775454429598
0.961124821984839	7.16525750843492
0.929390438489578	6.95617031597577
1.31530365653964	6.95722422674252
0.670689213461765	6.98557769792505
0.332368854709069	7.31412624717566
1.5091997080453	6.93223361687896
0.991145185530171	7.18150259869069
1.04613032701952	7.01916488379532
0.973253849343166	7.08871154362896
1.37169650723405	7.27666940742136
0.781452617049165	6.82508160261706
0.75117949939727	6.71845774364675
0.974132911249655	6.97659986602753
0.0161118466017307	7.19159510277475
1.14670653119514	7.20361435872029
1.02396471864916	6.9255412314158
0.697282902336899	6.83936595179768
0.988305974776457	6.96665893258247
1.37251859310451	7.27656823808849
0.794085816140525	7.39307081111457
0.549349813337031	6.35319313400332
0.683260173885224	7.14822663486078
1.20188783713346	6.68927001752225
1.01525551517209	6.62216811355073
1.09272207519742	7.60840901214073
1.35116972415606	7.41608009005589
1.80493324441732	6.77583994148874
0.329602406067577	6.68708232128381
1.23961435843913	7.14862022002118
1.12867991576058	6.98860477168636
0.631094964076098	7.05549109708543
0.493513237989265	7.1147676511354
0.230218086501018	6.71736411020384
1.02786996305022	7.03316218468745
1.17731361059927	7.07208296081572
1.36075306080233	6.87075199363721
0.996421853393002	6.99772833420796
1.05176178231203	7.12600079108886
0.600620757392541	7.81825217691523
0.908096124506294	6.72078559860523
1.3763961333764	6.63194109936891
1.12204732584517	7.47533531880025
0.348069123397877	8.17676986599698
0.764805479784686	7.20904391903001
0.343626477534373	7.30480078375794
1.27776985309217	6.82194738107092
0.621433791990863	7.00178591434384
1.30833560018128	7.11605877739529
1.17313577265722	6.92403370946984
1.30210381881176	6.7718679424583
1.27427300300687	7.20441228354636
1.08288609993961	6.9649556142357
0.480234476153698	7.42858133027139
1.07189948290037	6.96241596015039
1.54417196878336	6.88232343439847
0.819288078962571	6.89614187236702
0.909027008295491	6.70689713910984
1.46158011374165	7.17194273566462
1.15096388928138	7.06473895363661
1.12803880113223	7.31520867641226
0.976509433380816	6.96805056083321
0.767956267618186	7.21912141087448
1.07298766864874	7.03394312707444
0.145218754991816	7.52984900533152
0.982688342015677	6.98175314259448
1.1252364676973	6.78575685884426
1.35679810725585	6.64486806401225
1.00448945081765	7.0234384257023
0.857917982826427	7.24077981178166
0.995886929683182	6.73353377113728
1.77206097473791	7.59836823323676
1.29616969387173	7.19531739063523
0.941496892577763	6.86394180888818
1.07629361763059	7.03601100981189
0.972144846566697	6.73281591531005
0.901655738828614	7.17263986398261
0.569534226702843	6.89006598727541
0.900910214315794	6.96754198681369
0.996894802747467	7.00722785294915
1.85187398704707	6.70679247860691
0.682054482917365	6.94819669368678
0.924561141173486	7.07925773285968
1.16861394911084	7.57855391538022
-0.0983826869890372	6.86077508570876
0.59296825121975	6.47405371679276
0.947114739860175	6.72636389121575
0.750251318452909	7.13462039735272
0.89950021865538	6.76546697342067
1.05791927923275	6.97766073900786
1.30482992357939	6.47322143919196
0.945657875146016	7.12216237551595
0.909502491014562	6.942759355231
0.165639812311316	7.24340407850525
1.27690520728	7.09940083923303
1.01909526111125	7.49953819546755
1.11005678976367	7.17937709110804
0.213005689196633	6.70315787032704
1.0170130309228	6.96585944204318
1.05298590191303	6.99413735750481
1.2108858111119	6.95604559874549
1.20223049210889	7.25057062327839
0.451813054372565	6.54059834421619
1.71094287412493	7.11409129801315
0.928958953085161	7.09831643619462
0.999560919669214	6.99359444225804
0.956871526105993	6.96339724049264
0.533058483083416	7.27657118434826
0.705164438083694	6.85761833763223
0.398478681893271	6.49083318369384
0.770767452877622	7.07259618117403
0.544384909520252	6.78232899962944
1.11029562304747	7.30438261549472
1.10667048681153	6.43154736855945
0.926378364030803	6.9226475673893
0.652856294293974	7.00430829602091
0.98782514841231	7.1074422396224
1.25641696388216	7.20646111454718
0.695169167587332	7.05001065817377
1.02645865219304	6.62449572305834
1.09952672188034	7.19742939645434
1.30346046516616	7.20254537499317
1.22940678804349	7.2298712095863
1.03146409523623	7.2479086202862
1.21782065884604	7.05059828623811
0.990992993357233	7.44281966008548
1.47386684923041	6.65789189798456
0.863766997338763	7.06858028451364
1.03882336942602	7.19869521090017
1.11634036744293	7.01248297332347
0.84710590391466	7.73869162011509
1.38498867401368	6.29693354063242
0.902470351488637	6.9916178073559
1.33838004042044	6.82225851887151
1.22576549335811	7.11292067743588
1.93295922656942	6.77267038572657
0.982600005172171	6.9366681355227
1.81110469315117	6.92632136727357
1.08655892627557	7.04253852424685
1.96402766691393	6.85750906734596
1.34368746691786	6.40267545438734
0.800186448534537	7.06234273912066
0.73091175803377	7.08001155737454
0.945851950508753	7.01369274173623
0.994621948484435	6.9417058763082
1.50965602531918	6.59565521492394
0.855628628926192	7.01529887644168
1.40534845590704	7.23649135223877
1.3021628375211	6.93972046987647
1.0321740019928	7.02767440243231
1.40494296362728	7.15444545995118
0.97181068521446	6.98152427920798
0.693559837618439	7.09130812475041
0.755254912402843	7.20132841756619
0.330165444826304	6.9171596749221
0.626182389054796	6.54005815416347
0.763533928400225	6.65120946254815
0.631182701679456	6.94075147615883
0.590583127626792	6.7388819541362
1.2581248213113	7.05590122156412
1.01531195027212	6.96069854710593
0.935739649969384	6.98773156381968
1.1986938402689	7.44012571189703
1.14921469828017	7.77293496290092
0.85922881786855	6.90420682152698
0.920945928346868	7.06942659439363
0.987466035482718	7.00574782409567
1.22839285208104	7.20154308875077
1.05454948286711	7.00988859800651
1.0979134727341	7.09572022693172
1.18635525981483	7.15872397156532
0.652809580127585	6.80584950856844
0.504737544228629	7.77405504628319
0.758693081486628	6.94767136271028
0.226312775020129	7.0749642149477
1.09185803896341	7.01430697220215
1.0192498511175	6.99020914779513
1.05543823247165	7.1060960784224
0.983277624215158	7.00898032758663
0.814852914540815	7.23295607487475
0.416648478995767	7.30463863428198
0.860691929703469	7.15309583391846
0.963937813261844	7.01600706905605
1.89997929614393	7.7326071225057
1.21517163028604	6.42600613844772
0.833051247302016	7.06501314842955
1.06120920701282	7.59768718599264
0.577415373275798	6.85190286884901
1.13276929621937	6.89089190539284
0.948150299437023	7.12223179123203
1.01085044681297	6.8838026336934
1.1646242629122	7.03581676235463
0.834741105925941	7.06465110692525
1.02667317597155	7.00681941576466
0.844552434083957	6.99375143326933
0.982689562754317	6.97748274853571
1.09365065295104	7.39744450637788
0.81133520567456	7.35630880422217
0.253623587550379	7.38654412224934
0.940669544252403	6.84084992714876
1.16048486593421	6.95976838287694
1.52898136916111	7.07169241532322
0.9992159769773	7.00425997990989
1.29653744072365	7.20778425265194
0.60018114119286	6.49245774839316
1.04173151194074	7.36006817802943
1.00678068382834	7.00673862380907
0.977932669743023	6.95092700019318
0.823563687313644	7.62640724647724
1.03797567758296	6.95825166965862
1.68164105651947	7.48079525919203
1.20222376250323	6.86270917611337
1.28759643065052	7.57766683548747
0.950379593514393	6.99061862677676
1.01776017948684	7.16086975875178
1.0040417698406	6.95733160059015
0.471183008926799	6.83673177463458
0.731779734796718	7.13713177326935
1.02663287313998	7.81201863811486
1.05266066168613	7.04042228866309
0.64939211581092	7.19758667448434
1.63856188639611	6.34170162604805
1.43040364933794	6.62769542605502
1.23374891165755	6.95466363474311
0.99559141465123	7.22917763584157
0.883074259989768	6.83902446255806
0.550630498252932	7.41787439774561
1.18132397923132	6.81966108505096
0.917298105377424	6.96347931330496
1.31413235178254	7.3014945746549
1.14807355643477	7.04258664153949
0.895717188727498	6.26343782906892
1.33408601201896	6.63669064931844
0.835285655342941	7.17455769082395
1.00762968947808	6.98669611952608
0.816906812409272	6.97197152611363
0.80781696444247	6.67203307240813
1.13524438064698	7.20306220738599
1.02084948565284	7.00781178157216
0.889991064796588	6.81302378328979
0.912771207727592	6.96699091053554
0.789277852106771	7.39436134497189
1.51681422304002	7.42195894919275
1.354672038267	8.0907592405819
0.89532299263469	7.03385889832234
0.992760935995754	6.98677071025937
0.475055042653697	6.89653428965896
0.978006812829285	6.85983985246978
0.889785038099181	7.05163522678923
0.629429371911427	6.75619937934817
0.989425853078528	6.94504215687249
0.455012131843467	6.83603603647357
1.07386156876308	6.9704678756399
1.16946566657628	6.83877657586238
0.834474113278501	6.9967037717071
1.71134375703289	6.79304218276267
1.03368676743772	7.72161455671085
1.45710720442603	7.81206219469126
1.38887819999422	6.57209389753463
1.40980366309753	6.8466913719367
1.11535605400119	7.15408668239345
1.06500366835401	6.9470230688111
0.990849104002494	7.02465475214581
1.12283973238802	7.20681526494536
1.21654420534597	6.95049978702041
0.432100887385471	6.84095798785567
1.00090363103443	6.96050867744583
1.89873865953447	7.53103565828984
0.862601769431567	6.29940816562759
1.12998485615157	7.23836140768769
0.674386974880015	7.38014156467913
0.87668967411544	7.07571304437757
0.954571759318022	6.77679657437047
1.20760973645417	7.06204302438516
0.879194969987678	7.49387471686214
0.571780605869697	6.48695147675209
1.32614145424876	6.61808783254917
2.00600175398963	7.02558191942946
1.0405310758747	6.91066442566201
0.625694899375283	7.36562652196462
1.56483080847687	6.47423099301202
1.13267280305943	6.97393688701633
1.10264866265153	6.42093430621031
1.27674283505651	7.32086288231268
1.06602963270199	7.02759626324125
0.896326151043031	7.21879156176743
0.800230856727728	6.94807417897413
0.978503233370545	7.0928345909326
1.09111037053168	7.02664517504845
0.883558626000628	7.29120231292013
1.26986773475905	7.10532865961085
0.981127106213207	6.99773285449266
0.900310649445152	7.03891242893679
1.28867335714087	6.82667616531359
0.688605745436072	6.95149767105194
0.589912473634053	6.86192074611566
1.13225786079	6.83585859980914
0.985001725494534	6.98435847992125
1.17470899554452	6.61798414293489
1.07409559932825	7.04637403894886
0.773556561659349	7.50396467253296
1.24851807109783	7.18862803960083
1.01588035366772	7.02575810464886
1.05292813784489	7.25944261681427
1.24859996024701	7.26242887193239
0.993529566129596	6.87579979274867
1.45997887721803	6.90530829512267
1.06539256286474	7.26338279786774
0.994038070183954	6.67048176837529
0.859054418303194	6.84550452728245
1.49217963128122	7.0187698920711
1.29419772717285	7.72979318639476
1.14907380121623	7.07155676856299
0.373112866992157	7.27766794464921
1.01860341636904	6.99863351404793
1.39384822182593	6.80707955394483
0.00733226103605267	6.48520545020046
0.0413979629045671	6.21993150877619
0.752476483441046	7.59506493107432
0.791111118390075	6.65695633197195
1.06486746337769	6.76773165755016
1.24724110261181	6.70302432032712
-0.455335459167263	7.06353403660167
1.03384076939272	7.18267378348322
0.916642136711887	6.8396649019536
1.14312656961593	6.59956632745239
1.51312866688353	7.04702948013136
1.28472930791912	6.44866418382121
1.06038787183874	7.499983991539
1.063986607309	7.20087141057291
1.1671714642191	7.36493077107156
1.30607177045808	7.47238129068501
0.97071244133535	7.03228097294938
0.887589515732644	7.13973804952944
0.997293933979885	7.01518816526947
0.81560156032426	6.63612798371731
1.03964258061292	7.06840229794341
1.23158636770792	6.60757050158059
1.16160338650433	7.09635781808811
1.31629621644428	6.57640285451099
0.968082938839797	7.52340241498717
0.986602916568559	6.98448386750475
1.05494818288907	6.46325449196921
1.05152727661103	6.80498602916054
0.792647196160386	7.12368213310475
1.13992311925708	6.76405533515996
1.85316191233109	6.53323118511971
0.854108049504965	6.7918381442857
0.911473870102442	6.71771710933057
0.669041991045642	7.38788199455494
0.890195381356135	6.93295631682111
0.48320733030509	7.0889413308778
1.34970484368008	6.86370498365786
1.10660260856215	7.36078708797456
0.424010620455134	7.41313804661052
1.21935797711708	7.22705145095464
0.725460826634071	6.96405902255146
0.869276377762682	7.12301655904228
0.825567061860923	6.26249765867015
1.17778529218532	6.28358949264678
1.11196374183674	7.32766370550165
1.08240424399653	6.99619798985317
1.10356366560874	7.09999402296085
0.872094072713733	6.78227771681313
0.653015954321474	5.8644754644265
1.10933981292691	7.16252595390654
1.15538274808608	6.96882716772451
1.01287071115882	6.87218906798335
0.771838063131986	6.89793444083059
0.895243462350476	7.35007004473732
0.900939096871187	7.0474472980833
1.25558393639033	7.05221527336383
0.920584910728648	7.10767082734789
0.583039733912425	6.81614717789575
0.841525273399159	7.29705664985837
1.02215579831986	6.8262706638344
1.05156554429634	6.45525625240956
0.583605591492088	6.8581946514858
0.952947206528563	6.82448145779648
1.60801628814098	6.72803374452584
1.85508911061189	6.63128387142412
0.818658108474496	7.07581814047527
0.810911437585595	6.81823416308519
1.48849146397967	6.88259016536553
1.10439643009637	6.85350654837272
1.31816063952073	6.68897647622554
0.983139268145178	7.24503109355167
0.969358939367991	6.82514173622846
1.65579886875143	6.28972412455459
1.17880193489863	7.05091913745674
0.571174977117116	6.32235788960796
1.01023622088472	7.03274543905059
0.97254313372838	7.02718319058129
1.01306052038897	7.00118590744895
0.986319188038731	7.58191930727841
1.45915706401818	7.07368207296936
1.02879008923699	6.94678208516613
1.27263637239131	6.90018592269782
0.998488866134599	6.94027738867143
1.50819086063362	7.18867701476715
1.12457562299382	6.16958477831798
0.901176050236371	7.0704423061304
1.58203202103309	7.64558273572259
1.14223210654624	6.93723773326947
1.00305613314897	6.99752931658345
1.00166522910309	7.00665713827145
0.873336973192473	7.46847113098119
1.56756033174673	7.04931305573897
1.04561367283511	6.81200297340432
1.15595327504677	6.90630487810172
1.27326049715636	6.91792249068158
0.924446472892559	7.2028905383049
1.00781835089004	7.00058291192989
1.01129666601277	7.02039854135989
0.916110539838261	6.74225662947016
0.57509026033963	6.77545716346116
0.681166832838784	7.24972439470005
0.460586068981868	7.12056174503539
1.08889012372474	7.10625510451936
0.994035077603356	7.02411643823631
1.05605112508029	6.91300049921473
1.02696081451526	7.11003062883801
0.972004464994152	7.0882509788863
1.25810822286772	7.44206339551546
1.02936231502759	6.97651979981675
1.08300371071332	6.96215717413844
1.08938933057835	7.06649285495467
1.24158375173179	7.08397828484259
1.15401134255742	7.05179551946157
1.11456757579625	7.0805244685061
0.943914248566894	6.9513649296823
1.08620953484654	7.20742666586561
0.990986400565783	6.95678272829478
0.75286862053913	6.78519030078631
1.06862293998621	6.71272380706302
1.082318579277	6.71380784961195
2.16482177968652	7.15712788617232
1.0395653493327	7.22476214319503
0.971781911855715	7.06246263146519
0.989261317626703	7.05454084915171
1.00159245427804	6.99809154290124
1.24965928298399	6.45086283713932
0.58166953419399	6.89849944145404
1.57942705058747	7.45855033788446
0.53661736309379	7.34671728502314
0.827417077876072	6.90136806361678
1.76871015886521	7.32796599481067
0.906540551255779	6.80762286420217
1.025756854062	6.79328049814496
1.22489576443641	6.71605154571912
1.47719018257588	7.32970371794438
1.34267821569589	7.08680621637958
1.04181734178907	7.07506312641748
0.781695966374644	6.30153503159302
0.937350470536774	7.17795703620989
0.741873103334992	7.25692853601617
0.206628805257132	6.84089565951974
0.459845504050083	6.66752246179976
0.932901598704547	6.81779945923472
1.05014227773451	6.98512120088926
0.680912516258663	7.14728107056916
1.23404158469514	7.19547395593205
1.49672576701953	6.55947630582359
0.630229819067017	6.18725800726573
0.858173539313929	6.83840925950907
1.27359603994525	6.96422851060146
0.860121779116566	6.94524016294085
0.781171632998545	7.26725908685659
1.32523898206968	6.72379200795361
1.40737281692619	6.82388074046602
1.28348444945481	7.02793194951695
0.888223439209657	7.22986452189407
0.751233132142335	7.59101479207672
0.9976070668311	6.69146887988524
0.880186015082085	7.45539763049633
1.00814010852036	7.05009244406279
0.922029754254195	6.29543047013784
1.20233472650993	6.89823122947116
1.2655836146694	7.19850099216459
0.995046601451662	6.93878131096874
0.654890611450966	6.96244144932955
1.75719702698344	7.06995825762572
1.006215343112	6.94880750370357
1.13348026721606	7.29463692100863
0.830952965218474	6.74001865453641
0.573409691660059	6.81837047575676
1.21355177569587	7.04775347482633
0.907499477485094	7.06279409413309
1.03515464753341	6.85888970805926
0.996053210436297	7.00414523467232
0.927585158514984	7.17597009520483
1.26923639692866	6.9421756264338
0.882901425732426	7.00788761874475
1.08674874707188	6.97893489116532
0.892976891803849	6.98537540531312
1.2751763348462	7.13814629723528
1.0931228604099	6.99263781103046
0.666938060609814	6.9294338985132
1.0398210914062	6.87672313022451
1.06763485431603	6.58249855356856
1.58445462521363	7.26146015123695
0.749433109689045	7.28964400586253
0.720101203035648	6.8748767604384
1.00698580857117	6.99285342585148
0.875478809032185	7.10899872054834
1.77462482470925	6.8017028369004
1.33365454126021	6.66866415161942
1.14043011947062	7.05874293663603
0.930900389526147	6.42123582343842
0.80020178090264	7.26514753940196
1.04392431251652	7.05416022299766
1.01553791182188	6.8295239829113
1.00415113921969	6.88594806642252
1.37971165771695	6.27241738705319
0.729857817216107	7.43916639937977
0.955901036545581	6.77370610992832
1.0015205676472	7.00246088331922
0.7921849354537	7.16292216162899
0.994664165707226	6.9981581426685
1.02885288741716	7.03576017501927
1.27151828303344	7.02262094084898
0.475579889886019	6.59436955496718
0.8998228663634	7.16219527203885
1.00233233075337	7.00283692580782
1.14113649748948	7.02550062881957
0.339972928881885	7.02977167482003
0.792841005902133	6.91936090964587
1.58125908865091	6.85728016195882
0.991302801591299	6.99692232065385
0.873059059117246	7.67698566733952
1.03843134253302	6.99595070545787
1.12934968905208	7.36557479525069
1.23481583380048	6.84975686178873
0.818158594540732	7.30071836412709
0.869706294973532	7.45499658827874
1.00004140919929	6.50405366742513
0.78305351207056	6.86699782890994
1.1602123012273	7.18947784726601
0.0873761737058203	7.69284981895122
0.882624274863142	6.69229842450091
0.850508529903529	6.97797255627142
0.995485841668593	6.70543792374637
0.710333632117366	6.98012325910741
0.853530719799567	6.70487251216172
0.820738155773144	7.01495415870976
0.978116026063538	6.8955800052528
0.877891912152163	7.21318580454705
0.579864833274678	7.23280617480022
0.555352012219336	7.12028827294364
1.37382150240733	6.88947007393595
1.45077185317985	7.11191991575976
1.3091348062914	7.25517173073345
0.634298464723064	7.16891448958583
1.09851752397642	6.63266167079008
1.53357245351905	6.73156670339807
1.02496641197836	7.15462521267249
0.17647237185021	7.92308017926196
0.526778814354082	7.43194087544959
1.01430448711357	7.03084161144361
1.19159141431776	7.308020217624
1.17053237228622	6.60819327066268
0.958093824207156	6.94358095677173
0.884606457048388	7.08425984856923
0.990315236563312	7.0025735527933
0.972302160003974	7.00137335880495
1.14307665935083	6.83105662712125
1.16879596554579	6.93858919665868
0.925058545311634	6.93229777439784
0.719344571768512	7.53586146162538
0.895823050568708	6.98529254238592
0.918358683159056	6.98483599228839
1.18667255248857	7.07145878383993
0.93126011323922	6.99389603260009
0.792918757602753	7.04389993228823
0.94672701767332	6.62217539618193
1.07037468649979	7.52111874909528
0.956708828318153	7.12088936863986
1.03070400788864	6.88707292564514
0.720387576486589	6.61710847456613
1.02240139268499	6.99560231053425
0.818955198661658	7.33112200698097
0.904455639810566	7.15330156590429
0.862700030587012	7.05266805014312
1.56935300550482	7.68157877359478
0.901653362487904	6.93958989040222
1.00239091357894	7.01507076946961
0.50654552842575	7.23622220756424
1.10615191582469	6.91440860255231
0.714018755603703	6.73391586449573
1.01487060739053	7.26894508225709
0.899008327560791	7.18356742598019
1.81576761540659	7.09450930798702
1.25302093700663	6.1481324948635
1.42336490288971	6.81888039911794
0.959296740008456	6.36233603264255
1.39786147374183	7.16202011281183
1.08197567149421	7.18878760973402
1.15543502817377	6.82931321424615
1.00223814197752	6.9967154040763
1.01636891052259	6.97271846253457
1.01065448868904	6.9993053561953
0.942103899576901	7.03276259624766
0.870118029873246	7.04934469816176
1.01756213025537	7.53606669929742
1.49303005834459	6.62159573216297
1.08269282486349	7.01732195039201
1.25492528835639	7.15083648995353
1.07625346736018	7.00571088686178
1.00237542603212	7.14749761797795
1.00250319368242	6.99876782984277
0.928395179283618	7.2604194495194
0.989739453141705	7.02067963643507
0.677795356662825	7.23378926651162
0.944767272520995	7.07357130802401
0.98406018829747	6.65629247145935
0.150230662575685	7.18547626289451
1.01245696265505	6.9557354548009
0.956765718435873	7.23893844050236
0.871217804257819	6.77241906895505
0.958501944695772	6.8421024115303
0.546177065503447	7.00889452285807
0.957780605090347	6.9308727243317
0.83513272574833	7.0236510804699
1.04085616685185	7.2297749618438
0.31914876347878	6.94383766445899
1.2230869289217	6.75044646618775
1.27331103427966	6.8359181310722
0.953798780988976	6.8426017576248
0.915687372838358	7.01711476661076
0.837974603040102	7.23417621455299
1.04651449477599	7.53307920949986
1.0765380781299	7.00255821973445
1.6601049942001	7.48840697826736
0.344132548474723	7.36148496907494
0.392111986976191	6.86034480562455
1.37773470922196	7.29332080507329
0.855769199401204	6.99055719089483
0.986811241801178	7.11503989973056
0.439192661426114	7.08846065273715
0.996119437194276	6.06303233505889
1.21810725984768	6.95688689136104
0.665784531388296	6.92554874629351
0.768565658436928	7.24226672744251
1.02096239661048	7.02438699092498
1.01614847297261	7.71181648582522
1.16255321056137	7.23327249288183
0.458194199760308	7.00896624322209
1.06487967252794	6.73583707538791
0.853504448408657	6.96107579895391
0.774666933901387	7.1101105021081
0.642600382348573	6.46591861217462
0.834521630322048	6.62212034740145
0.795400102115144	7.1095230354261
1.00444857563511	7.39687938485989
1.02975438586499	7.00166328732429
0.840786403691497	7.0313946907643
1.18826650559177	6.74723491633943
0.980046448368615	7.05131345398791
1.47384802253502	7.84589022501576
1.12178467597947	6.84111351240071
0.854973208941378	6.93785238980861
1.06218641938232	6.79439015257162
1.47567810939749	7.20140534293377
1.48696894356403	6.61191392781416
0.98230889949411	6.53499022729613
1.07104167749194	6.89921114550841
0.923369873755449	6.97254326888776
1.14101794830193	6.89244583832554
0.859635205584306	7.0105523383667
0.843371855869027	6.9818430254773
1.04103841866769	7.0180113618761
0.670092032128172	6.31330837251187
1.27899611922215	7.80105818743113
0.905295990106067	7.70816820156269
0.618257352842135	6.85635718122955
0.729171115308123	6.82825174096636
1.61652667223646	7.2357457359969
0.986710498724186	6.77804932577123
0.860017637158888	6.98174008480796
1.1649662489968	6.58966623166937
0.973099169583122	6.94099268912905
0.650777259114621	6.84071174608815
1.04340501975916	6.99423313160715
1.00429742237397	7.01295679978851
1.11259573131324	6.47329438050676
0.763485500496767	7.02821972032116
1.30858543475405	7.37753943614373
1.35305116573307	7.49366314785626
0.54727449647455	7.01027136959784
1.0071597108361	6.99895559788142
1.09312002032961	7.41262713263182
0.546301700549036	6.93544184997962
0.723397182228891	6.71337889317658
1.21632970769751	7.39442836656679
1.24163960366438	7.30978393254889
0.926156048005358	6.94204908292308
0.711036190271625	7.02618310472748
0.993569563591931	7.01554989147262
1.1123069978069	7.18745031799199
1.24665674784873	6.66320189704163
1.29894629809289	7.32437778019633
1.34461811102609	7.07086461271993
1.39100148669678	7.23503021174476
0.993478389441139	6.92300191125589
1.33303972609273	6.73020072545552
1.07766153586303	7.21018130367892
1.57521621526608	6.64802754119742
1.0257420516746	6.3257878839793
0.428436855802267	6.34977898041597
0.972256535628534	7.00830202575562
1.00085420525864	6.98827165957823
0.499587029108498	6.48610560495641
0.943033330627944	7.54843136878683
1.16801693018667	6.43505346928851
0.192663189171366	7.3174483671373
1.13201723424275	6.75936006607355
1.6278335204827	6.94702508892071
1.65521616349653	7.23944178659656
1.12792180062494	7.08038579866107
1.36575184049353	5.66154902458801
1.24902979783663	7.10386257312453
0.700095875777222	7.01100306770566
1.58182336179129	7.59406605282469
1.33637132308729	7.31512625575853
1.04504516000295	6.69498984926894
0.872540475103082	6.88050010505709
0.849360079036961	7.02472202747028
1.29024670808015	7.46994158310913
1.02895404188964	6.99342526285311
0.447913952271432	6.76292694162148
1.06371481508726	7.48859057480358
0.444957532981963	7.02241905667092
0.588829771965501	7.2890873727883
0.992640438614703	7.02312149154086
1.10950584648851	6.72562418550918
1.33114938802644	6.96852271976933
0.893578224101541	6.92199457919746
1.02898579665333	7.02250392621406
1.25180748446418	6.6202768577061
0.11353884567751	7.38690131437663
1.32826454625385	7.09743839277067
0.853418548738919	7.60303038388267
0.5783824144567	7.16242802353319
0.823626231772823	7.47999048467909
0.602578750162791	6.72113760731133
1.00808566111265	7.09378032095602
0.901649699330556	7.21362397745926
1.01405236061483	6.93616778662499
1.0536621238194	7.11732315228377
0.979066767698886	7.10746005532451
1.2246618724681	6.74659714375302
0.95774549975993	6.97086575399761
0.949705570036642	6.92316684554992
0.954059868407777	6.9148942514068
1.09165629338384	6.78062105903939
1.58832409965365	7.01674659112334
1.02289089958425	6.98423051202325
1.00387552338815	6.9827880209713
0.976751495366075	7.18721236713177
0.741693499940266	7.59887575709099
1.01344517532739	7.34501893906936
0.622315318353188	7.4352730116227
0.206433449352442	7.32985193961772
0.965083418847573	6.74904521314792
0.88712225691094	6.78338649316404
0.718908631319034	6.78414615055277
1.00042937541459	6.9921380321827
0.770120879373262	6.82783557240282
0.956623701016716	6.98183909665853
1.10056698225283	6.98866043926818
0.750970781683771	6.79311839088889
1.21182249781981	6.93434024517333
0.969077204631881	7.06208986396126
0.870036116305013	7.46111360751707
0.662889684285776	6.90011365903511
0.788087395694839	6.60855423439762
0.797117784199446	6.94513725127701
1.35364076084302	6.96871732539514
0.860952678524418	7.35614358294177
1.13460064685771	7.37126690889006
0.904643819415327	6.63452605665689
0.862701773615416	6.53204047681734
0.572150975829176	6.67051625528954
1.38560605722368	6.6632222759123
0.980614395415584	7.01782299055348
0.953785082230927	7.2113993297093
0.982543089026032	6.60785804698512
0.276172104791895	6.76093212394919
0.861797239436221	6.95356266440527
1.45961650166438	6.83978034532021
0.501123446755956	6.36962920738587
0.479822609707925	7.29914226380524
0.95916635114623	6.89797976967342
0.967661653167739	6.92496422107935
0.990899540355332	6.90274336807145
0.815614916022799	7.06518491517992
0.995611581670982	6.99356166722889
1.41378606278234	7.34872035984367
0.566644411203749	6.87885830515281
0.0616377345237408	7.59470515258866
0.951188379362879	7.24569438926372
1.08235411846935	7.25217149833319
0.80022301826393	6.49469937779255
1.01912513076026	7.12093219952746
1.10155423266043	7.10327203696786
0.511411225503131	7.16200696200816
1.26294273924188	7.26534025779407
0.437709120590356	7.96521137626946
1.14804985281256	6.35900130486183
1.00258655541953	6.91544479970408
1.12556758323232	6.73981359947953
1.04038260445695	7.1411101471216
1.34111225094241	6.79767353340656
1.2310371544179	6.54676639909418
1.00473722724012	7.02961635006605
0.316287843737184	7.08966548178274
0.936615192051317	6.99330329981579
0.508505950878701	6.97194557334344
0.765959122411979	6.9417625168808
1.00405079226972	6.97344281518193
1.06741488817954	6.95948436704638
0.973102036168449	7.02355675304237
0.948128429860984	7.48231228990902
0.871728165197709	6.9896031223166
0.675143288142295	7.11630885107555
1.00635955417256	6.94024511771766
1.00024162159998	7.00051924450922
0.766112379503474	6.99430173639393
0.984913722348359	7.09954295010496
1.19965342227747	7.27383709767894
1.03904019081417	7.01831855837465
1.11140857305221	7.21632994230581
0.845056772170084	6.88958753111113
1.01986420809391	6.95930518205718
1.59625017871677	6.94665028269452
0.334959010702895	7.57417235024818
0.79625509478864	7.1555006512719
0.847211298408748	6.89101652181508
0.957603206910839	6.76455192544071
1.17980426865277	7.08294565692486
1.17268799957723	7.02438187170392
1.0087714105874	7.16708455394891
0.714978874483301	6.9481108252488
1.09993284345925	7.05259872455032
1.2059194646369	6.86702594044763
0.993877607243331	6.98133511716352
1.39789465737173	7.19822458440526
1.0434698424699	7.02405107356315
1.06789203465548	6.95806470440058
1.14401444123864	7.20170946086326
1.22920126085287	7.32029071734497
1.15907577087354	7.24065114114502
0.725417966069943	6.99911114000309
1.3379401949685	6.95072990400532
0.611558254185665	6.71654497993363
0.850766835630442	7.65406787689342
1.07676450834396	7.82767411070965
1.22328046492475	7.35355183898889
0.952888476725403	7.07804034581478
1.70476694483205	6.91838441933378
1.30086609829239	6.50259685709241
1.17858103810595	7.0187424332195
1.25393693043358	7.12764312163765
1.12180955533214	7.01725556033482
1.25728496784933	7.07171867820399
1.29620612810753	6.99145076759137
0.934698569688504	7.09289245884038
1.05275043318841	7.068944400753
1.15468220375777	7.04195944523027
0.796810780158928	6.86690882329393
1.00804460804552	7.00884253025799
0.603701510013223	6.84428550023667
0.595956005845762	7.17991929297601
1.16144114579487	6.92657208444846
1.39497244112491	6.91595809430942
0.832493525933676	7.06449676330727
1.35039714743751	7.04254820828291
1.32535905721208	6.33023673379064
1.6867980335983	6.67668745155834
0.893541957559459	6.47783137392303
0.979396152482136	6.89749271542017
0.710971492538054	6.93262475024064
1.02275135407595	7.1862511268035
1.09736010341322	7.08475647496776
0.868886840834213	7.01111890175973
1.52905460254363	8.09294221986742
0.247646524770628	7.70412037420187
0.98118244532565	6.98970231105541
0.733682869993482	6.94737927425051
1.18392962207196	6.93670516160881
0.438149495311163	7.06611086959677
1.17450415188909	6.69882014260102
1.25924157938896	6.93236111368349
1.01406772612837	7.03537074979662
0.558304499865539	6.99639531986405
1.0109571385485	7.44831087734538
0.558552989720131	7.13009321675003
1.39438081062807	6.5637486300656
0.959702077383508	7.04043110215502
1.12211875585118	6.71766493155105
1.57418507736757	7.04763132939639
1.25294264015497	6.63005165573361
0.721612413285499	6.69652920123387
1.07870577876746	6.71157995032674
1.05945657563142	7.29088299975218
0.978290139063521	6.9773554513626
0.715401418275651	7.16773927618866
1.00551908777115	6.97788602516097
1.0488997303724	6.87716957075054
0.780612310192669	6.77030466560625
0.635841600354561	7.4626984324326
0.966685913434842	7.23769588536428
1.41347250679784	7.3178702044415
1.59433900168337	7.48248311051766
0.959247170087989	6.92751194363567
0.36029594782413	6.58971384976695
1.05210616591092	7.07262914612887
1.47816601480269	7.0587305381699
1.1186599515763	7.25090273574349
1.140363753062	7.44491699246918
1.15014079104393	7.03758522432004
0.841741679344729	7.02506145756399
1.07490494963793	6.71823110376952
1.21901910514871	6.96884995911675
1.15171996743943	6.8833868051817
0.964419644093971	7.01893854672573
0.849645654283489	6.70329216724496
1.01833167863272	6.95172580390124
1.00422987831882	7.04737417123968
0.369718035459651	7.12152050555729
1.16593149192767	6.96697496437129
0.908165263117589	6.80447373356406
1.00411659609286	6.7084432490874
1.02115933154842	6.80595867219349
1.32740284191061	6.93649499609948
1.00819060023496	6.94995879703524
0.984179973565371	6.99631711991909
1.07470960278787	7.16662876405458
0.888285978572645	6.62124563093795
1.34325404312955	6.5796596274973
1.00312473006594	7.01252175452458
1.42595410872866	7.21030511254621
1.11258810789708	7.09604783351009
0.909747266398398	6.62315483330159
0.804067348229275	6.47620953328221
0.41247639441582	7.24093212184888
0.948993858315457	6.93610049245532
0.892866214004557	6.67659037916395
0.639521387015954	6.88540760026492
1.17108581747896	7.05758798424992
1.34339171393602	6.6204467045865
1.48539282894794	7.51014604235097
1.23154684591259	7.1313224309242
0.286795094142742	6.43523220411872
1.51376752235165	6.92517714944924
1.17692470975206	7.02662074159052
0.828776035176453	7.14312271129717
0.800707658946633	7.13273711793545
1.0150096329279	7.03762899260865
-0.027865875908085	7.11043956803832
1.13837558868827	7.03799857198717
1.05640603216367	7.32868889449866
0.901026352745302	7.52010170783964
0.214788073680966	6.84541199877245
0.826920978355437	7.03413263752318
0.734205442246289	6.74854650043199
1.15042613214221	6.84783035234568
0.844966147517502	7.08423810732294
1.23269457109619	6.10420339274351
0.983223657401993	7.13706670886631
1.22737481613915	6.8101409657347
1.51454496290768	7.31892203403579
0.991786455325315	6.84914780381644
1.15839289368836	8.03552013143015
1.00395327406996	6.99931407262849
0.945018487870329	7.33635162206648
0.869043153553319	6.87117869805027
1.18104798315154	6.94961349535994
1.69781367894082	6.44420598464598
1.28544022073085	7.75374022324554
1.29620936264118	7.31706935994206
0.844989015893363	6.66570676081482
1.22529087154514	6.7268107755929
0.929065278287844	6.94175006316193
1.14141310863514	7.15009039654068
0.970600937731727	7.56997854686022
0.975245228967422	6.98696194453751
0.0235473970810102	6.5090772630542
0.98580995531898	7.0271985697699
0.792015533850895	7.01634884849196
0.930106575146954	7.07181158848518
1.02160746478152	6.35316305940971
1.40482610698336	7.4279107792834
1.18508021605913	6.7330442653303
1.16129565248213	6.83186821421343
0.763129854885004	7.21849658027348
0.436617567945034	6.9625380146526
0.790440147487058	6.64215908606972
0.477291083424785	7.02686954295695
1.04422185885099	7.00903487095247
1.16231595656065	6.87312968674064
1.00982290783262	7.00794218262957
0.945758717879832	7.0050850734176
0.90218770051728	6.94319727744774
1.25575998927221	6.58794370963155
1.25489276428828	6.99564083688595
0.871104982217838	6.81566901967577
1.24708201887357	7.05482214694592
0.94676401335903	7.0517157662637
0.533291432344391	7.46214011062552
0.850417427922777	7.55991775398815
-0.166701842015092	7.60578804281453
1.80374472002741	7.52496418210902
0.659110248230224	7.06844970586999
1.19416796609492	7.16864367998382
0.981806819723572	6.99154632051343
0.964082310058571	7.00525054374724
1.12791346690662	7.18933862049376
1.01446717449129	6.53203703703491
1.05168053425657	6.94169136353148
0.0994672345186286	6.55198146405925
0.892272171320239	7.0457930449299
1.73183095244658	7.37977623185797
0.705495740309706	7.03847392007028
1.14182483130515	6.88858160794105
1.32028455293685	6.92010331654733
1.00588663216983	6.58119893451035
0.791048130276061	7.31489185962605
1.0400845115784	6.89829163205088
1.31241772963744	7.01676528282907
0.999205185298433	6.99989756165524
1.03521498467243	6.76914936397439
1.13547650230327	6.61376319338438
1.11745541490482	7.10343839122123
1.04113330537586	7.22766744134242
0.924862209022196	6.9091603436405
0.943227133503662	7.02617201468653
0.936901043877569	7.08463815809289
1.00635284535749	6.89170782472273
1.03389421836833	6.99119772491787
0.94850548157265	7.14580617711573
0.8000638270553	6.39155278144836
1.0333982843261	6.88009320268288
1.05670045192195	6.99314614818751
0.985721930022418	7.08144569543582
1.86397674772562	7.75528644670198
0.961320388672369	7.05632743988142
0.924514052348679	7.30593071807511
0.981918396829705	6.99865661434635
0.96641701884682	7.13275219066773
1.32295118048527	7.36388705969543
1.00032571343082	6.9421289157336
1.82717576774221	7.09709483067101
0.888066495877688	6.87732508415421
0.979498919590563	7.47654384976305
0.94148340836589	6.8046258884415
0.417394410974612	6.93929344798653
0.953403628445813	7.47159858827453
0.903657772462439	6.67924651191267
0.405672200560338	7.20297768492646
1.19277246845443	7.55791874265214
1.06660503284556	6.19749776683851
0.556290419812806	6.89786449239658
0.842196350490421	7.0012992107992
1.50723372735012	6.22990524729808
1.28321115094138	7.01641497574535
0.752444055582208	7.27893367081621
1.04673299584029	6.90574747434861
1.09973383555008	6.97372290736081
1.26102743017129	6.91132602121799
1.39345844885433	6.67096779152112
1.48375326037048	6.18640616906384
0.812755812879683	6.65590175861841
0.681485735265537	6.98848890506289
0.828882396812158	6.98590515423437
0.95872096760119	6.41602131811153
1.01602204470668	7.40226690075753
0.893621846330264	7.09728071934229
1.10368347334189	6.89811689344767
1.34771120569117	6.78363635644115
1.37562453963311	7.03967367073246
0.845861260670283	7.11193231603616
1.10622190716954	6.85895019598771
1.33009421231151	7.22248641078839
1.05310886234639	5.68224123923106
0.626168773336603	7.07786326736889
0.927944427734327	7.16217257390558
1.085400317068	7.18993085755044
0.936418964325174	6.82179708138833
1.25432563210886	7.05806157235119
1.00129739590462	6.99115790625126
0.928959742734394	7.16233810800094
1.30213544979404	7.37542332956819
1.00252449204599	7.68520695321277
0.56903844608188	6.79782856284819
0.730481598725012	7.30867890626138
1.0144314604747	6.91563375966804
1.32470416433616	6.83884007379549
0.910509459211967	6.78147564233414
0.769477357204061	7.33854741769012
0.976794120382882	7.05513651622655
1.02840447984369	6.99592888340614
0.468994036284378	6.98767578450226
0.345176205593601	7.22990350166879
1.00119750914766	6.98759924459297
1.32940562273271	6.45340322336949
1.39347229305852	7.043481103769
1.85432677395534	7.13115383854857
0.621573231010939	7.08932290077952
1.53234808215707	7.10795821432715
1.25922447374608	6.5294200099194
1.35722636358886	6.95278464769291
1.01300822893689	6.84734228474498
1.36859763385955	6.90051530074584
1.41201350832365	7.18866534557009
1.01596510263089	7.06316719578606
0.946697200683098	6.91769837570086
1.00000977197198	7.33020236357183
1.35742629345197	6.60391044854146
-0.238460028963271	7.28773273551973
0.553728240219008	6.87675541366594
1.42870038155664	7.46660818380975
0.9171487616375	7.378333552679
0.811239636963783	7.38972200971827
1.24688428954617	6.58293074909436
0.604420917622011	7.21374252778774
0.483490787497092	7.17428104784775
0.982692855097546	6.54002009911239
1.21332507594284	6.65330723499503
0.90465469010218	7.10459095106878
0.508768168735391	6.55288346433119
1.39264051455556	6.19700148007146
1.09239135252539	7.05459658537184
0.945410344891426	6.97601361423236
1.3687045071288	7.16483389216733
1.02576186341518	6.80555781411545
0.915602664869323	6.97851616432282
0.936117445691236	6.9653681214676
1.18440433972505	6.45285307989227
1.10649028594026	7.75034034702802
0.862266753305793	7.29351020984155
0.883788927752641	7.36391829749279
1.55409463855767	6.69258889398191
0.86940522408809	6.95334518732143
0.694005436904812	6.56803201423576
1.23159981934477	6.83200688773385
1.35373678896181	6.21980284159449
0.993809030380416	7.68297744366318
1.02053015726807	7.02149320479144
0.834862406403866	7.33598863738522
1.50755076499169	6.57308197875363
1.08533028419731	6.77712581636175
1.00639912123475	6.93760582879081
1.08063572617362	7.01929929113881
1.55392310549323	7.24604916038046
1.05464950672401	6.73573633626448
1.11424633833971	6.69598396090119
1.32290844017067	6.95923343833345
0.537082438824915	7.08206734470957
0.914818557802214	6.91262190794156
0.932703790825852	6.8350476390515
0.408264749265206	7.28489393451269
1.04835739525507	6.9388382310288
0.647064443414473	7.30513668598244
1.23281461606199	6.6028755491561
1.18283393514136	7.25272079615224
0.365950316418917	6.52659495096933
0.890340513652476	7.00493707084058
0.970479123396742	6.93729603585501
1.51815971946964	7.08288901330871
0.444271406435105	7.42006868627121
0.573381819534466	6.55720751445876
0.701877799423134	7.13072429515974
1.11088059592066	6.85504066548304
1.99010318296949	6.46218121105084
0.741582820166233	7.0154805538444
0.999788118337735	6.66507759353585
1.34563196759616	6.98038284297526
1.15792384503979	7.07985627267183
1.21209243680231	6.42308223589494
1.40915828341216	7.00970751402056
1.06859047238066	7.03477575854741
0.818896723080488	7.20028923267983