3.17988792230479	3.92006384520444
3.07724531568034	3.79047896621711
3.0762004901084	3.942132274577
2.79831271409282	4.30382939551891
2.96113759803331	3.96858218717648
3.43287925556399	3.98547478762574
3.10046323485788	4.06115048218476
3.152915950353	4.13054836282976
2.91692253190621	4.44234590801151
2.97790692327323	4.00076957586265
3.33147318165471	4.13986294911802
3.22659615838772	3.9352830707669
2.9069240803888	4.00391523507186
3.40127035383878	3.89835020465019
3.02068455505095	3.83151267845823
3.01622083245667	3.88251424279643
3.25997461680098	4.02144156854205
2.98091394986495	3.99844574064899
2.93894736491265	4.18543487899479
2.95939622242719	4.00034411761776
3.01170963600435	3.99079823346481
2.48934770387558	4.17953160755747
3.60592771789966	3.80848634102952
3.01177086926534	3.59489081823678
2.76451218169091	4.18253625124166
3.08689507778924	4.08739238104003
2.98260890778369	3.97926459369397
3.13684406511597	4.17679237640377
3.08539460047611	4.81387568590402
2.89459609955355	4.2434364136574
2.91252199473996	4.25862508434284
2.71770630535245	3.77396332326907
2.76239372072817	4.32196463371033
3.06847307390756	3.95734048320454
3.10067829017758	3.91869542512384
2.22947829799253	3.76465428012654
2.95838658807845	3.44020408145994
2.98637660190287	4.02330334354739
3.00780805594383	3.88944806915837
2.8968776034009	3.89222353545983
2.96579703014135	3.96511730777283
2.99770348070116	4.0062219039918
3.02933166998615	3.96206020778648
2.68801992741371	4.13958971120804
2.81041608435968	4.26923432629645
3.02982953680094	3.84347520762742
2.83689006397409	3.67959351651421
2.96618031408641	4.29409154025601
3.05919027720145	3.96912798906842
2.84716613205431	3.88852558363234
2.59120219576168	3.73055301268821
2.99013919827835	3.99071915567388
3.33809157769575	3.78423037157176
2.44083975283997	4.07730080838723
2.60914534575545	3.90820479663994
2.69846158420595	4.1487596971514
3.16124901066019	4.09729686537879
3.24539954165424	2.96963479049673
2.99793301695348	3.99863081703128
2.93816527551798	4.11641015427004
2.92952633072125	4.14308263191201
3.14508178817564	4.07213120001052
3.14273863550475	3.56043123951899
3.39069900100839	3.60240413698105
3.08439954952008	3.86354888400618
3.26714826943456	3.70766342350352
3.0110174308338	4.07603423604004
3.06200123090629	4.04633687248877
3.45105944154774	3.83756743990732
3.08812254291016	3.63692110962541
2.94199850095211	3.96048249778417
2.80902369690358	4.09370838360902
3.14630050006675	4.181117520859
3.02090961093804	3.89433251468419
2.87840168225071	3.80095567249077
2.66777782111194	3.83260451269671
3.03195137620682	3.96778786898031
2.91367512899497	3.98456355354639
2.48115243291388	4.21781936488602
3.30053853933689	4.00593533125813
2.92131926088073	3.9914976112171
2.85955820860673	4.12008095853057
2.96950447597028	3.89489181996537
2.99432577908537	3.99342885149799
2.91768301652001	3.69665438686786
2.98450267557874	4.04339956117945
3.20098353963813	3.94307979686047
3.17137739192953	3.79789598458974
3.08871009153384	4.10659145155973
3.02712253557184	3.90995888668475
2.87439653022051	3.97179017615872
3.22730162010574	4.01538399541137
2.44181373604938	3.98557163128183
3.17582486468093	4.06092844348437
2.55042543784794	4.09130183725509
3.05799929950292	3.97558119794714
3.21414531666977	3.60658451958943
2.95372391315347	4.05006266981041
2.95213348757112	3.9988301283947
2.89999689274075	3.53883077678891
2.99909278950494	4.00008652808732
3.20766637415773	4.16859574427908
2.9246193529047	3.86768297814704
2.99634655679691	4.03715610864144
2.89614573754855	3.39771147763222
2.76797784696235	4.07740569290836
2.97908982182493	4.0000175701285
2.94654286607742	4.15135013303277
2.9153535957492	4.25110973487165
3.08583447032734	3.88730495485645
2.60562704784279	3.85948390178359
3.04808761279064	4.34400027022154
2.85411245661005	4.13907822105029
3.14350975087214	4.01295185595673
3.04898827567492	3.91963243152066
2.97666487378056	4.11113128923722
3.24840980320845	4.49891189294368
2.77370158936081	3.99625995049995
3.01801736404895	3.95725436341317
3.01884176163515	3.88986701243973
3.20438606204444	4.2467526469338
3.0957595833741	3.90077530474367
2.92246698772305	4.03208600157928
2.64806741333045	4.22393660676413
3.24207659312198	4.03373907099628
2.77563861619618	3.97072422558242
2.736779974275	4.15332516172315
2.95825454922361	3.96394750059136
3.1187030592327	3.7478807694108
2.9360869981547	4.04787871189251
3.27118069221505	4.23331914696419
3.07796156966282	3.77985435008151
3.01837966584241	3.98512068315181
2.89654495992744	3.69548245738361
3.00565909527805	3.53212934256498
3.21005739685421	4.14054987851722
3.08983219059729	3.90753887410617
3.11334290590625	3.92057824870013
3.11174141905759	4.13023849868056
3.04730313571852	3.89229289388961
3.03359176794757	3.98010206031671
3.45587838552526	3.89667784230039
3.26000112151765	3.67507766531955
3.19334312956082	3.84695940661053
2.57872346386785	4.53180079275027
2.96960898562944	4.08645227580648
2.9272744773079	4.49780389625409
2.93696178692551	4.01159028520177
2.99095873670212	4.05983632995961
2.99776256427688	3.99353637879957
3.22570113143344	3.82491708264351
2.92161679728238	4.10231798759634
2.83638043595838	4.06609441001148
2.92356659842589	4.03243416293275
3.09731074617898	3.75074610243185
2.78309513106038	3.88272017993275
3.06678715760031	3.98642388761972
2.95897367268266	4.30253761242574
3.05214084163862	3.98391657562261
2.73294908090935	3.87757281968168
3.14596203363881	4.0638699216532
2.9237868114906	4.01112012944227
2.97236122908085	4.1253680678489
2.82473076320285	4.0126848513301
3.01061559651216	4.01123343663736
3.12398060384484	4.18909704808676
2.91819510629941	4.11201023217564
2.73642836651947	4.2068625385948
2.99432497958196	4.00489722570973
3.14936299474035	3.94194353165521
3.04245443091296	4.01696044720794
3.04757860917838	4.27851696419555
3.31184132111472	4.5462247195497
2.78858704309896	3.61211662094607
2.95711287705523	4.05039230950019
3.01837710518951	4.0157593167086
3.40806471771882	3.9124443161204
2.80867973997415	3.97006250991188
3.17256236334782	3.7902913397529
3.22218578411174	3.92851936954081
3.08191356997116	4.00152250117791
2.95075356752463	3.99182070387087
2.97329020603913	3.99958579215107
3.11622392819975	3.46745422877187
2.89105664423363	4.09791910876418
2.85152448192194	4.16078580557494
3.04196615182043	3.85053931338844
3.6634547666702	3.72230459591021
3.00034634400295	4.00002219092231
3.07798068315881	3.88732920525904
2.64135247425567	4.11715643400006
2.96226051906329	4.23168994811484
2.85934829692954	4.02687696957677
2.86135719969031	4.32896558233585
3.05426005742614	3.65094182665704
3.31665415734225	3.90036957546158
2.705407173704	4.30076303277603
3.07908504344154	4.07129281810905
2.81481914582029	3.94362936099707
2.74211468096946	4.35321973879441
3.2653515537131	3.57811613342155
3.23287638817578	3.96304411214811
2.98955080807095	4.14297350515966
2.96898128658998	4.34551423242599
2.98479132613157	4.061793372659
3.19976637434908	4.13991542983123
3.07330548891165	4.20320403072518
3.32053830562752	4.1878942207111
2.83200226812699	3.8171754360354
3.0080532486027	4.14629144022912
2.4254348904056	4.38486521678723
2.8242679137519	3.76777267825429
3.04805679069279	4.39725244851395
3.53768129352398	3.87723411219411
3.01241590507356	4.02358630386981
2.96718123917862	4.05041789694427
3.00447250455209	3.95713184771389
2.83788097113271	4.20380006054574
3.32748163390792	4.07303339828633
2.89687484819153	4.0491699359758
3.07314851622079	4.03783046977628
2.96087146631253	4.08967317446977
2.94223643407421	3.9285406426031
2.84897240589355	4.11301118202743
2.99380964408356	3.92659505003634
3.29423115256999	4.33221264165894
2.96525703143467	3.98353699992105
3.01233284725342	4.06498944243564
3.28325421594389	3.98866400995817
3.12548430630477	4.19422406991312
2.85005404657073	4.0784994287775
2.95444905868047	4.07212110056132
3.15630038597078	3.95432085021928
2.77401731444651	3.96703115511223
2.99455627753503	4.02402855735464
2.87300324490291	4.07514584546621
3.04771076300227	4.0026780186741
2.93523550437375	3.86339325895032
3.30684997268897	4.13347062843772
2.92150016036045	3.93453135680552
3.34965710984883	3.68664191846467
3.03449189386515	4.49080347990747
3.16302214950822	3.86182345186973
2.81499296279822	3.96894988980693
3.16701690569275	4.30280876772858
2.90443952538124	3.95568092056999
2.84872835473029	3.93901240814348
2.45053345363408	3.66499503478645
3.12992428703117	4.37990636590379
3.05042863185528	4.09557162836564
2.92969745720764	3.9891465855617
3.24725619513439	3.75180640989433
3.29037381530244	3.95813644752336
2.73269587048045	3.75755741391972
3.04121864779466	4.00112720702452
2.96982454014816	4.07957358693531
2.87304375149615	4.24737097063805
3.00176449638115	4.03787445645868
2.71564689928858	4.34820555173768
3.09234723282796	4.17817822300932
2.93529231074847	4.27156039625801
2.91613399990415	4.11969875473615
3.08065507868226	3.98942278387329
2.94237010454741	4.15011650960886
2.39387289013752	4.15937589574258
3.109645071222	4.14932137243771
2.89639463057269	4.06026570602144
3.15661103591456	3.96325240284986
3.06421128927126	3.60628828851266
2.99165806535327	3.85040710126274
2.60002492153509	4.09069935696768
2.69054636821737	3.94913846916575
2.97649476550056	4.01731304970054
3.08194665679845	3.90090241421174
3.00010602732301	4.00344500418429
3.18213187879007	4.24353832523904
2.89090102671275	3.99926631313687
3.17379977691188	4.23936151656954
3.26057765603882	3.87176237073618
3.07624374559764	3.80084190181442
2.99900723210761	4.19391040242103
2.53795745692677	3.8252214375517
2.86093442447372	3.98839957272417
2.89237269816345	3.94893536608019
2.8372107221439	4.0090441595127
2.98059766739025	3.96262394715976
3.07101321137514	3.97935643659917
2.70210559785753	4.38498000818761
2.57214494767171	4.37579079901175
3.20009777321385	4.45742463634886
2.86272180888593	4.105865287882
2.65562070692316	3.98252282672356
2.94208138032548	4.16362361763501
3.04432405010024	4.01451052696683
3.53829245998992	4.33315179595151
2.89774599044568	4.10518854863197
2.67394089298751	4.09583828990955
3.00243022055522	4.00720821787821
2.94686019588583	3.98484898861059
3.32430098002181	4.52319168641401
2.91491995016617	3.73665929008223
2.79211238938584	4.14581743926853
3.04919880850146	4.03522363226385
3.08826444297817	4.07729943457478
2.9836661143819	4.03785463802996
3.07698444836619	4.07997120708069
3.41957850908005	4.12642938426569
2.82818670827108	3.99376990420126
2.77831504461953	4.18463888868109
3.29207897164561	3.89867969920801
2.9274693310342	3.94617785898686
2.85523395011194	3.98024989143716
2.80510922939794	4.00941137554827
3.27573710536475	3.82949839382786
3.30940452476029	3.72085808333005
2.6830466321859	4.10399308358552
2.74191907049805	3.75546939923196
3.04871029809454	4.67560096691353
2.93323627682333	4.23711330023096
3.01270432093765	3.92892435934108
2.96740879337612	3.88710502854102
2.99021871199825	4.00294128201263
2.93704680031559	3.67007439401692
2.93168979725544	4.38811801763005
3.54968697351306	3.608885588509
3.12196589485982	3.99750174625976
2.99861148127492	4.03163173722073
2.99811153006469	4.19054208926777
3.06539498428787	3.94687306966099
2.93517955591414	4.15664418155354
2.68836046771844	3.93657330793699
2.99567913078856	3.99267460395269
3.21507518684019	3.85547608745
3.18421959229016	3.94537368569187
3.21411719949778	4.04432192639667
2.73006721523492	4.20940130481657
3.00144284406378	4.10115203017397
3.08108369268765	3.94697584775892
3.37311301989218	3.6492009273478
3.29331670605599	4.22375513274073
3.0548854471789	4.26248466273962
3.0904601776946	4.41845783498626
3.05220996696489	3.99744743005896
2.90669524272664	4.1854447925062
3.15686896038074	3.94005235584538
3.04341347986873	4.07882041138899
2.5777821055799	3.65285089088092
2.83666474947224	4.10118891158575
3.00870264487041	3.77735053361199
3.81876275408037	3.9971631107644
2.88600953773072	4.06402355155226
3.13148806537099	3.87303220582763
2.9846263685509	4.07854203852771
3.04115365708494	4.01617408648049
3.30945363790688	4.39714754438835
2.99877838538106	4.00513902918531
3.2403789200103	4.20941210614764
3.03824755254638	4.00865738229471
2.40083151181203	4.25305621504186
2.94319840145483	3.910062685238
3.12235563566762	4.01805995240617
2.97852653594103	3.98961999775449
2.87022159915982	3.81718057845057
2.90146216091999	4.05322833420957
3.08739627518379	4.23664639720217
3.03687169218144	3.35629876633915
2.9213622248633	4.09289978138951
2.9302033317093	3.70062084644399
2.843979837919	3.70540054894913
2.91428395518434	3.73829809896336
3.02232994979629	4.10322011227724
3.00098838691077	3.99824578580388
2.86101726727841	3.76208134288392
3.18668144181887	4.11614616777395
2.96101644585316	3.88163010064102
3.00401829765211	3.9983567587017
2.93865699005084	4.50344178063836
2.63713218043057	4.12621341127169
3.0194758163049	3.98751460319476
3.27159791826466	4.24408367401625
3.08307356922057	4.05542772346395
2.9512447097126	4.06343495012225
2.86908255146489	4.03694801459763
3.39085045290271	3.9544718119829
3.29347401145934	4.13919755468794
2.9093893217947	3.83595572105991
3.04894992363857	3.63761786739287
3.34711791222441	3.74984976769498
2.92061806288867	4.05350232510784
2.75618514195401	4.08806782559804
3.49953569243004	4.01864440398297
2.97079546831356	3.63446345829011
2.95614899441131	3.94188162790576
2.95384073794358	4.04030173568807
3.06084984325558	3.54371066896786
2.90639217029776	3.82545203944592
2.74709681074866	3.81894235507822
2.51255899978183	4.24883203796542
3.02283267325248	4.11653331403461
2.77107724040374	3.77718780935822
2.56080274118656	3.56502326444409
3.3524067536568	3.97400293518519
3.05668439134131	3.74169294884822
3.14169037361052	3.93147264957483
3.0751835714499	3.96414886277573
2.93249528623507	3.94833518689189
3.15771359386702	3.98114263970984
3.25132458698939	4.13833039084846
2.94521314385084	3.81805747537129
3.05973897112478	4.42148219338117
2.95894789992881	4.07584108587887
3.14696350191128	3.58714902205039
2.89376532506463	4.00461730772958
3.14800183122258	4.32814263548839
2.87085173059729	3.95418231757752
3.18061687580195	4.16569475690082
2.8922370858388	4.34214164098951
3.00507138673174	3.97331774008926
3.4740188242115	4.00957719725144
2.89568064466658	3.95164431409168
3.10453367152826	4.58534684791946
2.94469668097132	4.04912870655499
3.05326159138031	4.09206598371139
3.07932814273194	4.16294083893759
3.11105957338947	3.88634939019621
3.06615741801977	3.77960425375372
2.82273174374345	3.76507967971578
2.74590369528252	3.77364091306678
3.01442398590988	4.00464848045407
3.03249519710231	4.00748939168991
2.75776817263965	4.24080311160268
2.8795249249347	3.69252279209471
3.09595577402861	4.07391738580447
2.97363046686882	4.00772933016745
2.99152545456258	4.18580893914677
2.8073660581694	4.08651605322535
2.88413513107988	3.80292328727637
2.9476603202649	4.08959398830865
3.30165422822706	3.760574963259
2.95156749103285	4.31750388880558
3.00195163047747	3.98446059744166
2.83074181541992	4.29971947741286
3.13215600752141	3.78132102342357
3.55108225191516	4.20468212385307
3.35824294406177	3.66361244104595
2.77944725349693	4.11232029688916
2.917199720163	3.7997913783503
2.9850057366531	3.79585121047309
3.24741928046756	3.97204010288866
3.01154082412284	4.01061048260031
2.9802748184185	4.14554379518335
2.95368482521319	4.30797628268516
2.97406219668343	4.58068680841596
3.3001243426695	3.94301407480927
3.03938205176074	3.97980457806994
2.97677664510064	4.01397423991675
2.81021895743997	3.90165905975778
3.02573960005131	3.73753034085083
2.99196310991627	4.01301411533651
3.14362240120575	3.86468325642144
2.83754993367142	3.82868109980677
2.74173192374656	3.61869367134375
3.40959318942541	4.46859381312058
3.20149151306194	3.83173237627186
2.95286502444669	3.9210785136337
2.94177359202714	3.85943981075773
2.41396045076438	3.87439935006674
3.03172603818644	4.01037230824613
3.20317886295434	4.02831584749014
2.9979033258256	3.99731795641045
3.0791221753513	4.05066091973242
2.99666514036476	4.1772802327482
3.08184734252755	4.05991507672272
3.36517806695833	3.84825529461312
3.16028316648715	4.41600164474093
2.98477109301895	4.00804897471035
3.04279077393809	3.65434291278416
2.3808190926147	3.97805687697763
3.36705789346215	3.90223726370354
2.62715058507613	4.22232620642127
3.03974957940426	4.21087551505233
2.38371779424745	3.79114990315907
3.13476298448718	4.05006514776882
2.95785209701029	4.11446185209939
2.94419627022467	4.07142046804997
3.16631521656139	4.18804994874826
2.87607583590704	4.01865632318021
3.37311626814605	4.23144965234622
3.51847012144042	3.96324389275302
2.57753445047037	4.06556228602104
2.93875603535171	4.01321709894976
3.04979887627311	3.523524621824
3.0090415354011	3.92047887345391
3.05631547983502	4.25818633466037
2.89952641999571	4.21627247030569
2.95794515441535	4.0887471815076
2.98855436789784	3.98041788831631
3.30081635009315	4.15280799670177
2.89673306835651	3.7730544021215
3.01431086656151	3.78901417499039
2.88876168008579	3.99791199335464
3.0326137119337	3.99623751245257
2.98112234283676	3.94762009138898
2.82777412516527	3.52831128162593
2.32377593377433	3.83380880995348
2.86186973204852	3.72236279271688
2.98463091839222	4.03673334378483
2.52855422932259	4.40173375991655
3.12073115081219	3.76058419660932
2.87624152609485	3.83950111638718
3.26930794404561	3.86224418723906
3.27203153068	4.06862473003931
2.95145103233825	3.98638961978064
3.00947382574419	4.0016057729196
2.70416287113902	4.00246014593512
3.03484641773182	3.77251664821514
2.11618030429746	4.04294630617871
3.14171748762154	4.2038370172602
2.96109265015025	4.02402395286484
3.16461331410866	4.53184354143477
3.71717902468085	3.66771961710178
2.81446496107037	4.02910371483432
3.16275837076423	3.91172081483806
2.92759347857464	4.07659492962072
3.04752126221503	4.31891773926094
2.89827190040627	4.19742846682503
2.85640431069778	4.05522079132359
2.76477438295185	4.35827100351017
3.06022946546739	3.7312221228857
2.70988253493548	4.47435082630077
2.7712675075797	3.39702017811278
3.05914671295093	4.13942086643732
2.86494150344087	3.75134655958938
3.23112066759396	4.11695482058734
2.99488928779001	4.60479463519405
3.05953090698311	3.94235053742934
2.98297234393427	3.69961124952345
3.21082240033422	4.08668495418516
2.98623070664093	3.85181155858244
2.94264997051215	4.24496465874318
2.80013144330007	4.16871919358013
3.0124819421882	4.11357198970863
2.73938423627065	4.03157684055907
3.61509855320077	3.89287594417688
2.82144257475077	4.05780185117931
3.63059506282857	4.21217589200119
2.82451324519569	4.03717627956504
2.64824798735472	3.74781812589744
3.09202163371224	3.8297001294112
3.5999086795682	3.98815778778648
2.76834185055877	4.09990563259835
2.96237574607922	3.97300214096902
3.14682117716686	4.07213087254577
2.91477771309603	3.87448755077896
2.90402114507961	4.04786467749136
3.19753401320586	3.98610955019395
2.99175019109265	3.9666063853454
2.69171621648119	4.11792243122432
3.0116480659761	4.39936237616902
3.00790960595234	3.98470880778432
3.030366307591	4.03487724705554
3.4716714580137	3.7782839432067
3.24781836428083	4.12956547196293
3.46098834826153	3.8747327053791
3.22013629056251	4.22664996490225
2.9955840690461	4.00522121585256
2.75453000133465	3.5935319860268
3.4565569341571	3.88607415012178
2.96816847830469	4.07344136201193
3.45098407157672	4.01369901246904
2.9842898125444	3.97187975307507
3.18523603033021	4.11328979287389
2.95678610522396	4.09538974542971
2.86611720605236	4.08066110391003
2.98279527256384	4.11505954607754
3.03651806552229	3.94575991864243
3.03013185470936	3.69973682964624
3.25632094343586	4.03171211142283
2.96277615107097	3.74621128350591
3.08087437424076	3.82150385921874
2.86146765850714	4.01752169869126
3.1008067710248	3.87584743805823
3.02640487327755	3.77061504128664
2.84178468508504	3.83904743545948
3.19820473459732	3.49929852661559
2.95269927868872	4.02969340161334
2.94113492949751	4.20628763640381
2.9717406425626	4.13511482530993
2.88716693949726	4.02930838996665
2.78888920774151	4.12319390848002
2.85352649895771	4.20196843753493
2.61333716681401	4.06328503949712
3.12828539193055	3.64098864792813
3.02101081214177	3.92571953424944
3.07933253636376	3.5163225105371
2.94108874350994	3.97569712426636
3.11963253395035	4.03207661890233
2.64239543175728	4.12264707988515
2.94120527861234	3.86809891917445
3.12412540212362	3.92279606536289
3.05795908536777	3.38657567463663
2.96079753592744	4.03443488999221
3.04216594801271	4.03039289654317
2.96289260143914	3.83208182677704
2.89103169932796	3.93570598863699
2.38872010665261	4.00933197784403
2.96641817330203	3.84579732250536
2.99160570384802	3.91384453073353
2.69568959727857	4.20246412784807
3.14765670510336	4.03354866186464
2.98176632991229	3.97621665447476
3.3295056551405	4.16548986011236
2.62438318429081	3.78628874811745
2.97788701351213	4.00145769741681
2.76110886846602	3.78607862934217
3.4085763282447	3.07104017597485
2.90767466169338	4.28065665352253
3.03838077000262	3.9096713189477
2.9736306467313	4.07054930317858
2.89042428499242	4.05252554316181
3.09460963497492	4.03489421897155
3.11075040534459	4.02136829413757
2.90219632082807	4.66626490050402
3.12650369291094	4.22811615905306
2.99171154712132	3.9888252369255
2.94754961496185	4.0002923519644
3.07451244835811	4.07171859685331
3.48151982201829	3.92592195452595
2.89231916186865	4.07626064411956
3.08922749627747	3.40318940217594
3.25276511276957	4.2031201159027
3.04014926531253	4.04230566836485
2.8278681527214	4.4337431273998
2.75678370287238	4.04339570952303
2.96751962146594	3.89102110260417
3.12450309012031	3.95211755245813
2.85842708572796	3.9797736741975
3.15647806840983	4.07639664094604
3.00976810971989	4.01180755235208
2.84948575289543	4.0491999061363
2.90110994552514	4.05155868506844
3.34747548055769	4.05343776640512
2.90207637479754	3.93313382603021
3.2338626325022	4.18624076461654
2.67400587425532	4.16926940910612
3.22981418648882	3.63594732610708
3.10388661121828	3.69330495561696
2.98200817612491	4.00908620836588
2.97960247228776	3.97797594152716
2.9869436116442	3.95293893568458
3.0825548984429	4.16443791850094
2.88755924890494	3.70241105581868
3.09884479941348	3.74864908078373
2.77586667641676	3.87777411255324
3.69608868576129	4.18586346408181
2.74478721460432	3.78182926921513
2.80591246951204	3.81134122537965
2.54188864526779	3.95022768315738
2.93560818826781	3.78288583241261
3.06420946253543	3.73108751264764
2.94553568225445	3.98813197843193
2.99743509606898	3.99022408720873
3.19910131390274	4.38520008649807
2.99303867322601	4.30479653776214
2.34035005537691	4.02991823609247
2.78404362333847	4.36657971435063
3.12969315817833	4.00600844130923
3.19285400399548	4.02266707347242
2.90041981800665	4.19311823545743
2.80348276437125	3.74635127778495
3.13084261712635	3.86001007526759
2.93665513499544	3.75977479685826
2.821872104152	4.23045922628393
2.95968890686537	3.70801626404713
2.65566944955526	4.12292748199211
3.27734105415884	3.94770689561009
2.89200320510474	3.78657677687418
3.63832994386377	3.90294123741234
3.38421792515389	4.04761167842971
3.03237558900982	4.01012776619154
2.94718048911702	4.05851262809845
2.97533016641164	3.94857442191169
2.9583038671534	4.17333976257571
2.88533912483423	4.16041385132485
2.97449557153867	4.16108885514455
2.94585309397011	3.84997650369656
2.75526166952909	3.88591618428222
2.991707437413	4.22549604928883
3.440506376501	3.47822856902971
3.00890514836165	4.01510036015831
2.94542843576135	4.00257039931982
3.22752540841393	3.97578800958265
2.81758265037878	4.12891868513198
2.97336445709101	4.06982972036927
3.05210020948777	4.16007890717174
3.06215539541529	4.00113298624486
3.41384428095758	3.74227025256601
3.00530841995719	4.06814837229971
3.34746922472999	3.94976091391637
2.96963755796367	3.93606812869394
3.27323084324601	4.38964701920364
2.93615150333238	3.96199834129556
2.9941063029767	4.0179656504315
2.49488004883185	4.21117890209408
2.99652075477833	4.01761194386186
3.08846983903492	4.22470654862374
2.96391899132504	3.84575796945712
2.64077284020896	3.98655186566726
2.99462520738991	4.07867164986843
3.07626296321599	4.04634128061213
2.80300592588553	3.9266875195085
2.71627328619219	3.81501316138458
2.93083452076622	3.63893469894174
3.17426412048195	4.31569367962709
2.91979221955385	3.91565023164326
2.83232424584413	3.78833347859767
2.99824467221946	3.9695657682888
3.06586101854874	4.0897616441091
3.04123821553762	4.0374278332231
3.25623360469286	4.08016035675803
3.0157822940795	4.0440218528544
3.00593190126856	3.87215574223205
3.01497348254085	4.00543476278533
2.91523749097994	3.90420030000318
3.42258058000306	4.12483638882296
2.91919522488957	3.99793938648777
2.95326831454794	4.14088940063619
3.30732472820697	4.22417550592474
3.31165542809256	3.95740802877081
2.8657369702252	4.36901382555375
3.229751832708	3.89010056836361
2.98058414370251	3.99513727186615
2.92106160351896	3.94553860581806
2.9856042089614	4.06284856078652
3.59289735776102	3.91893095324646
3.14886525904242	4.06103861101437
3.55881447578755	3.94950020983999
3.19823736134124	4.19368802859584
3.38297547238608	4.09751501403926
3.01979240554214	3.97885186348182
3.17445145639471	4.10230009513878
2.99737267004157	3.92771344793955
3.00290535318471	4.00274284285541
3.02808135141933	3.89379127076256
3.13032696801416	3.94374240243778
3.61565363027621	4.2908456286589
3.4300197569609	3.9444891895073
2.75407144584655	4.21553211330054
3.07157534618165	4.12898328480629
3.79601585609093	3.72290283871208
3.34209659490377	4.36575497092058
2.89695849323454	3.97933702815416
3.28260220817241	4.05351515705681
3.25474251164026	3.77316545620824
2.76963375367629	3.86685434674865
2.91104741924726	3.83432905120838
2.92306485078754	4.06606371096735
3.22140051877606	4.3745464634286
3.40159209189295	3.92468934891814
3.16084831179454	4.31885400272138
3.14550134345028	3.81480751141795
2.84038130732181	3.52387807897717
2.98188723058991	4.32946340263294
2.9142428877065	3.93823392731828
3.05142743474947	3.99061795145846
2.75891589701067	4.43431995900632
3.5439465431102	4.67348199119989
2.96716635252647	4.01202480133302
3.02537593998959	4.03272108969465
3.52323365645193	4.14698099078258
3.00673072919975	4.02095531747926
2.87704077859685	3.82781104207979
3.04743264676602	3.99135930265512
2.78697921543866	3.84900035101781
3.00421018151001	3.98976739673475
2.8542204623927	4.28154006034866
3.60675533109737	4.35514273033034
3.14498585770144	3.7196532274454
2.66486913208439	4.15655021085737
2.98990746015048	4.61020885596641
3.05344361050899	3.97843011861391
2.9891709391124	4.06488935916006
2.9570500393968	4.11502515223067
2.87635687845595	3.73176501949368
2.74915853408575	4.10687737393073
2.81734418068336	3.63515901647573
2.95035688522403	4.00859636877695
3.00360862812835	3.96549913207549
2.92684987469784	3.53219770174703
3.289671340407	4.28424189071906
2.99366923733392	4.00137079906712
3.04436012011013	4.01604476978914
2.96408844456788	4.20952083847807
2.96413878408128	3.94175479206499
3.40146535934118	3.5840823760871
2.99250692202354	4.01260899961248
2.90822579299672	3.89429459615404
2.8057683947818	4.25473504785717
2.96514951968778	4.0228215415451
2.76753094565785	4.14631083769724
2.54047817070318	4.2152487390856
2.89062330296038	4.17788034397843
2.83765226541399	3.97213742220377
3.05424349892231	4.06196513893952
3.0213306216646	3.9598961751594
2.95516387868467	4.10754802249006
3.03935765950716	4.03761265115683
2.95525464023855	4.28682739725732
3.0832589062288	4.02237075540197
2.99539325091807	3.99242587541163
2.85063664593662	4.41123976547235
2.48389490139314	4.17683619599779
3.24211807282666	3.91711644338372
2.04260115557575	3.86861280188585
2.93441783647434	4.01662901748816
3.2968425991472	3.58185819566725
3.46181298275801	4.11527265140384
2.75726832907928	3.36886511609851
2.67308785493582	3.84800074275178
2.90771553439857	3.8250164375116
3.03015469995852	4.02576485669746
2.90226138750918	3.64839150508669
2.73678816249506	4.56234474980877
3.12368079710279	4.13389104726553
3.14035626669403	3.58277625034846
3.17459783638078	4.18515021108153
2.9449146635375	4.1011068772048
3.11314414178125	3.99553125383711
3.02828074022363	3.97844634762503
2.8197992912675	4.22557583058316
3.17405143823013	3.88758546095842
2.95981079882059	4.01558666579574
3.03023896838551	3.92908548416956
3.04263690674111	3.97791585873647
3.00339962800401	4.0219667638285
2.96850690483894	4.19615914101129
3.62874754701399	3.95431776957831
3.19544967670511	4.40047071653253
2.93033649531769	4.06420488226306
2.96320904043312	4.17768066946022
2.9913171532878	3.46482517055446
2.97774858985439	3.9721800456062
3.26057203470524	4.24988019504822
2.86520770400378	3.70237676460348
3.34469345428038	4.47272322941932
3.0063817959498	4.0958617312133
2.73756639839944	3.85808603266271
2.91004373544053	3.96331329673399
3.26932433888079	3.73986583662906
2.83083697005467	3.77745787889687
2.75353562405974	3.78729857769434
2.64257040968491	3.78033729588528
3.25997019914845	3.95701620016066
3.00341252028498	4.49788763317387
2.9447148839214	4.18605647951819
3.18499783615699	4.20032798166549
3.04494169362957	4.08567864679385
3.11706738946586	3.64058754560749
2.75272650061774	3.77105877064671
3.08431614379488	3.48925867267581
3.15015412092129	4.26625695901929
3.0003232128995	4.20948488033542
3.22633814170356	4.20126997130515
3.12759284434236	4.00159106579209
2.93168023285291	4.07512971333967
2.9091717461526	3.75805753336914
2.9936963186077	4.03365661860103
3.00085179590539	4.00034244818659
2.75930260490822	3.93358982364434
2.87881092021805	3.94319712390583
3.05239991720614	3.6057246338376
3.21590416716799	4.08886631849063
3.00320949426149	4.02319519470918
2.80485726795169	4.07585693866235
2.7192261057721	4.29049438985644
2.98567900443883	3.93047148000479
2.93430443491944	3.94320797527235
2.94440049657134	3.94482270279106
3.39778558086802	4.5277644818736
2.91976018360267	3.97615527243426
2.89493099992861	4.17326843832125
2.91097559072874	4.01554233311574
3.34528002660408	4.47678066402951
2.83858165960548	4.01727978828736
3.07512533010574	3.84556126009647
2.97270951523508	4.08866188103591
2.9936335984018	3.99775651002268
2.9242600355348	3.81038361708867
2.8884280906865	3.93462225997967
3.07600160698131	3.94930408002473
2.95527353515734	3.83462253193725
3.05417366195457	4.00103688253636
3.12913058425648	3.94429592453317
2.33275366845961	3.86217126866887
3.40480084888165	4.44672926889675
2.74278496929042	4.00406835142091
2.91693984542061	3.98411659945545
3.14309372110465	3.91201835405556
2.71015722238552	3.77187789936747
3.05219198679592	3.89077054964338
3.47100924968915	3.85114561278109
2.88250755571768	3.96655591804771
2.60668532855276	4.65224849462892
3.18610478512571	4.03675924320006
2.99007918173198	3.97275003938026
3.27380777208545	3.85303769931418
3.07088467312559	4.16717775462938
3.08700006906864	3.94820242804487
2.98954662449842	3.97811939769916
2.70012146383339	3.62774737268617
2.80714622794177	3.72842553493821
3.13423238694656	4.18063057619916
2.7487115897393	4.11771731920671
2.40435576302486	4.23511840525515
2.95588474027949	4.02441349404132
2.85464984803572	3.68201477961759
2.88857818889664	3.92926399477615
3.35637939430219	3.72700166818752
2.85354557137117	3.96573616743702
3.11112679355092	4.04599584928189
2.98372416122403	4.00476581961414
2.84912196328464	3.89137042270188
3.08038498783529	4.01851169961349
2.89232988801127	3.837667744059
3.18192839013589	3.82245790375062
3.08216773346431	3.90556051941668
3.15764411542453	4.20354886770708
2.76045438111825	4.07376954076441
2.81290610083196	3.86013110569605
3.10996633160677	4.02159535654221
2.95359409968473	4.02582711680039
3.02481134730632	4.01672645659208
2.96932119898441	3.91149095530149
2.76128027991065	4.21499697068486
2.68971120471136	3.87532422899193
2.6068981482331	4.09721763327073
2.83471584072775	3.84799507022288
2.60416330887287	4.3645718744731
3.06616445450156	4.02906335759937
3.08987030008765	4.03093185165177
2.96869190751426	4.05955854476076
3.24881415440344	4.26248230207948
3.15390595268815	3.88249460446083
2.81783841356796	3.98777679161646
2.94934223456882	3.92702215588651
2.9276180974068	4.12155512922266
3.0467045545304	3.99597638405906
2.94661095850551	3.83380506672226
3.08637230717596	3.97318235567944
2.80527286181576	3.87357074559977
2.94992350668404	3.57044230030782
2.74077031388798	4.33461713372145
2.93151156264252	3.9010611582628
3.29023468163987	3.97652057088474
3.31486844629207	4.16531839107556
2.45071099787541	3.96394937556141
3.37131949721261	3.99216171876576
2.88321960117369	4.10366284196835
3.11728007139122	4.20844900661152
2.95010028641053	3.91846339509035
2.83772946267598	3.95390912631595
3.15659014721002	4.3226484916581
3.31101143462326	3.99241758359931
2.98952424027116	3.93325305590033
2.93956862684511	3.64320704867434
2.96438519525541	3.90831170560111
2.61911078932302	4.04491168901882
2.93745055588576	3.91310578837371
2.97168799518965	3.99427710251145
2.71573419630986	4.05756454439204
2.862386797102	3.96829809677009
3.17444449481571	3.74502329327158
2.30636514157317	4.07802144931188
3.21855023528707	3.96277744749771
3.01512505795503	4.02869958808169
2.77264429675249	4.1548899513189
3.03739735172664	4.03148252455672
2.98895578732864	3.76616086999805
3.27429965663007	3.98543207706715
3.37239513192637	4.05534045152685
2.93928459866396	3.88772668019462
3.08573444277177	3.9307383632009
3.40537804589955	4.08982795722806
2.98929253857853	3.63522047879312
3.34499266667999	4.2803632117329
3.33677556241681	4.04318413139254
2.84482411363431	3.87899902783778
2.99910014841213	4.00516413105788
2.99761972127946	3.96690065275489
2.93515503984503	3.90719561185488
2.72643580751876	4.51806081411475
3.03427887474703	4.01140411632851
2.87727700412904	4.03076749334804
2.87295704207494	4.07320225654337
2.98052672443938	3.92232037232202
2.6044639193941	3.68970106354715
3.15898287193279	3.75632182422805
2.99039525186481	3.95604572902857
3.04920262062141	4.27528557562458
3.06636391349984	3.89129475267974
2.74919346169621	3.95449705965866
2.88380173690705	4.70521823083558
2.75190381261499	4.3244793302971
3.15733944758123	3.646666018081
3.05217927759431	4.00607385037936
3.07145377458803	4.26713775335661
3.06587172594454	4.07987451293913
2.91837049115499	3.82753246146833
2.90577098743703	4.05264841644895
3.10433530836353	4.04428543427754
3.08671479786655	4.29248158195827
2.82729664573872	3.83332613361997
2.90094256692478	3.88148714055877
3.36861304505638	3.76183621053611
3.00327005107275	3.98874853790689
2.91114900562627	4.40268098832046
3.10060674420674	3.95225889217152
3.14348156797328	3.69981256533545
3.63103515006391	3.94728724035983
3.45854450210682	4.21226120633029
3.07523303253835	4.06876688473635
3.02097396168772	3.9559948900747
3.07062671700561	4.22449487151067
3.0444341641024	3.98831136502335
3.00208778050233	3.8752114188472
3.07925785477999	3.98038462114103
2.7985660453482	4.27141579210455
3.25146793496881	4.27327582063005
2.6915311970139	3.96831725781109
2.84368768468579	3.80919321395224
2.99528346999288	4.14843388802181
3.08620882116047	4.12363242578903
3.31405915296553	4.10837350418564
2.64983412116069	4.40313124892791
3.25832664814289	3.89809210138732
2.94235379977663	3.9519568981829
2.67881314002606	4.22942475464609
2.85080936355673	4.08983264928611
3.00884319307822	4.01030702965711
3.16437489093808	3.94171853815627
3.10835027517868	4.07410450451139
3.09351028934168	3.78406635000164
2.99045772458651	3.98807343334692
3.13885150563956	4.05292416799982
3.00100446478416	4.11016186450878
2.9596074466722	3.93389917950001
3.1548998172466	4.06290507512379
3.23337212631208	3.60247464059402
3.10725697964527	3.68228195677029
3.37416346724069	3.97197498907488
3.03495519635092	3.96118411721854
2.70193822393158	4.09065121408738
3.11856966021783	3.98924939450264
3.09649932180744	4.0805641648299
2.88725462553214	4.13775840234639
3.27518027599541	3.90786391422271
3.02104580791384	4.00279680396734
3.54532331230595	3.81997827942588
3.02605608307422	4.00663025408472
3.09055308154572	3.89869781191736
3.10304180159481	4.12432502363606
3.64656712537484	4.05709886564769
3.1171869262871	3.83728805683933
2.75367105260384	3.97590972616387
2.94785677959489	4.0165613285954
2.93143149069383	4.17507068858345
3.18831085903268	3.85877945091069
3.03745976340082	3.57781961570153
2.95113320896523	3.97621239752439
2.9722697811818	3.87396751110004
3.20645530405551	3.96864129837202
2.97321172126604	3.98779464482054
2.99893540133057	4.3273699374194
2.73302816521086	3.92890075572052
3.04289866259494	4.03305160737621
3.04588566702856	4.15588606767678
2.8538630973348	3.67566715263879
3.00752323363381	3.93110490143246
2.87610383405617	4.05910299660587
3.12549816876537	4.32664852041329
2.92452438725908	3.50004291536173
3.21162686645166	4.26531147280464
2.77966009965367	3.85590497545656
3.11950602545938	4.58650978084939
3.08773728058056	3.86685246914957
3.44749765384096	4.12192339878365
3.20591962808271	3.73928090547123
3.00175059165226	3.46247783644128
3.01039299881141	3.9795644296118
2.7722773429109	3.94192413835811
3.21601901004818	3.68632578877163
3.03795552840557	3.95053256084098
3.0018286141006	4.17744544929862
3.00635196367615	3.90387355727803
3.0549700988361	3.90879711327593
2.9847734439478	3.92790821163632
2.85533746824623	3.86396772177851
2.98987532788164	3.98809447635097
2.95488237068713	3.80977808825388
3.01352463199303	4.09064827890387
3.13606387565991	4.00606146995974
3.04709885463351	4.06036646770225
2.88499059542688	3.7373027644446
2.57107538380875	4.1687047696657
2.91820936306113	3.84185288938576
2.65962682086392	4.03421795816712
3.17805124616989	3.60618785301169
3.04775024868326	3.78808383513871
2.88751681245374	4.08137934939934
3.43129643392187	4.41858457794091
2.83391888319193	3.87682076951883
3.1906755269175	3.72967677994495
3.0526461672584	3.41026458673478
3.00815541122007	4.0286801642799
2.88942488987289	3.93549641804869
3.13650526058632	4.05206723200627
3.2359921285631	4.24879947653055
2.98722317342551	4.05555706585318
2.96602860645041	3.9861879022581
3.46252912335286	3.96970099546784
2.96608100674359	3.97258980649463
3.40530265388845	3.90685752027244
2.96270595804437	4.08655072233772
2.92145616406752	4.02500761882563
2.92235048027658	3.99356207865235
2.8805583498498	3.95252697274727
3.00224560255729	3.93446696158524
3.2579896762811	4.38593534347666
3.09614696856294	3.98984409060801
2.75897874846783	4.40119269908421
2.85994977183422	4.04317471927013
2.98533753897459	3.96175527962473
2.98316824764635	4.14018797242235
3.07232847013792	3.90130975084137
2.99656377583361	4.14846471869832
2.64195057235808	3.85094478849212
3.09230734039888	4.00981524092675
3.07121692427989	3.9586896519659
2.3171158265249	4.42540673812038
2.84729588932155	3.82925402295661
3.03540105038698	4.0603746668614
3.38857126094103	4.15170746395424
2.81786772678113	3.84564887404402
2.7734547498533	3.87310484500344
2.9700417992009	4.10825444193946
2.94314770087046	4.24656022982345
3.01439857711269	3.98880877924985
3.06828981793207	3.96793354088178
2.70863521254077	3.91039944541616
2.98743054683118	3.86429399487111
3.16139078090091	4.02201363965109
3.28800916181144	4.08589620868094
2.9976520171143	4.19965039495154
3.37207233459534	3.96352662503995
2.59099192624548	3.81734668896964
3.25399349551742	4.1011104698551
2.94391583695502	4.14689152689325
3.03444644712336	3.77733945415816
2.86662692405665	4.02784212932273
3.05846210723868	3.82088090102074
2.79498593009923	4.61231273994931
3.01468097058121	3.95017595086238
2.59979504367403	3.93376511365282
2.79760147098567	4.2285364345842
2.87801702812733	3.79951139424429
2.69601366429928	3.90596132168595
3.03763536743576	3.93981781263373
2.73606269103523	4.11263474328432
3.24527716790315	4.05099979792912
3.24536344914107	3.63934789067334
3.0026775875067	3.98710861818771
3.1300818359873	3.68511645647518
3.38089910643509	4.07538033625726
3.13128723794783	3.37641105622562
2.97159875106336	3.96025837524087
2.8665440080986	4.45407096190003
2.8898571740686	4.09243335154654
3.0351014241308	3.93873289261316
3.06547833896046	4.02484613366712
3.21612474654835	3.70584130461708
3.10622429180861	4.5359149464118
3.07000026106084	4.04146376274262
3.11176664774646	3.97404716348505
2.99874873125231	4.00086245584627
3.07465850518893	3.88690096733769
3.18967233454614	4.06165896226857
2.99913746038427	3.72650732746854
2.65935792632369	4.197893779611
3.20826460791557	3.68459616955096
3.0850324959999	3.9830169337321
2.58419837305432	4.29908011914725
2.98979842296357	4.05795437860365
2.60922368831228	3.97359384335952
3.32184630494855	4.16203379121433
3.47524023574314	3.95579342728288
3.12809867548186	4.12106066651809
2.69736971058434	3.93227748688306
2.59600020019582	3.12269378954301
2.8073667830881	3.61740982972048
2.8267640912536	4.32202551749181
3.03018373270827	3.91510071794992
3.08097314650212	3.96302907265838
2.83043780291577	3.37287691589347
2.76768803596894	4.15830765846954
2.75754248426456	3.86517388233625
3.04749601215678	4.049314070829
3.06466318652164	4.14108934584448
3.19449474203778	4.355276198534
3.03438479376969	3.98934837149694
3.43532009247775	3.98424511545399
2.48385802781888	3.94401367378215
2.96573912357302	3.97618288834645
3.05342393361313	3.80363900094337
3.20497431474062	4.2717146268734
2.84394580138419	3.95548866014047
2.91587924238103	4.13962011320423
3.09312618853081	3.77675528863835
2.90752787857505	3.59840038944247
2.58588652348714	4.58098902702252
2.89611030051363	3.93880555229839
2.9923298477027	3.87187145104464
2.69771905278585	3.9299876509139
3.07347246569432	3.96342496500203
2.96585933393941	3.95393608117159
3.30414452825153	4.14347842112618
3.02028609339415	3.92439841460118
3.00730996182067	3.9270946430074
3.35165263625132	4.40090558142758
3.0335262788516	3.95890295374477
2.50130657688847	4.3830627613332
3.11629835716166	3.91447004573813
3.09331247632117	4.13517521696323
2.95916516465009	4.03304406891897
3.01608028919944	4.02486837407623
3.06751684492928	4.01896434367358
2.94054523751019	3.95615553396048
2.95568636520222	4.10887223390512
3.06803851890555	4.01967357054983
3.02608819043022	4.10830949178151
2.9373050952378	3.92791598349574
2.7918765600855	3.96188901640316
3.13487595972692	3.92644435382143
2.73873811435302	4.07337028491723
2.73732627820555	4.20928917761914
3.20919571685546	3.33501738934136
2.92536580095743	4.00581407399699
3.11752584630662	4.10312678773437
3.05962692596863	3.94661163867373
2.99309704494936	4.02694955465234
2.95599526543828	3.97686341695023
3.12350465101344	3.80819876570632
3.54783954268575	4.72663664738058
2.97616361999591	3.90672558807654
2.82499420767431	4.09703118277741
3.09228644878468	4.05488069340915
2.64880417516813	4.04351336919814
2.61008002706144	4.0140342323519
3.01608975534544	3.98738854671604
2.90692741751594	3.92702318980609
2.92754254516604	3.4958704139044
3.14244608547585	4.16783321001027
3.09688896631219	4.30499782771773
3.05892601394748	3.98421240909662
2.94327899904998	4.04331662306156
3.03021644576691	4.01406862654981
3.0165337502544	4.03361146665692
2.87563701430261	4.04951727691039
3.17195396015583	4.25375044592527
2.77781394012591	3.88820394480937
2.69784969283674	3.78783751570934
3.00165639554368	3.99854618068616
3.71965344425602	3.74764433838069
2.95447547692935	3.82949085179176
2.64586546019698	3.89442848393639
2.79379768148831	3.88090605246284
2.94716241207308	4.22699987181334
3.07210833210759	4.28236432845508
3.69804323158021	3.56379860224507
2.91084360514886	3.94028475603421
3.23129729762709	3.88519427790783
2.94404692379789	3.80916457364665
3.13648479710249	4.16205936999794
2.82988310907295	4.7786830332279
3.1041720809838	3.98069315620302
2.99444071719855	3.94773586492869
3.15768707727348	3.91133419256674
2.90248977473984	3.86439605116432
2.99681762185917	4.02047564966662
3.12883579344437	3.52634513360217
3.12627302504824	3.95178715827153
3.18802190384808	4.24369506580447
3.05057098770998	3.92914744636189
2.95165037083159	3.85305119064999
3.22759375273637	3.68506960500089
3.06841600272703	4.00984684905238
2.93037211430139	4.39816607413999
3.06129779230185	4.02103506131538
2.97527090324914	3.98413059947765
2.68040919367811	3.96969261244999
3.13859172931652	4.28927723475361
2.91021989473641	4.26568245071241
3.33373889107849	4.01218248366918
2.89879720686946	4.1456125530518
2.71590436413605	3.85553780173669
3.17399128573922	3.9973760733693
3.01927297408061	3.98298132860176
2.99143401588931	4.00090259214322
3.16155184722007	3.5477714407971
3.30600522679906	4.03431708904484
2.98614079476923	4.01111103808016
3.04008801314349	4.02918514263303
2.44550646006332	4.2034251062242
2.58088270095273	3.95977515902142
2.87528007527028	4.52931134359363
3.09281897986247	3.98895976614516
2.95618359909728	4.06648956402154
3.32929621437996	3.959646499427
3.05235770446268	4.44798239794589
2.79025101207755	4.71029561207538
3.70969925314679	3.84298246879869
3.18216610561666	3.48760335833518
3.0168819192856	3.947663189102
3.61890234144971	3.96699532154585
2.77312867775653	4.5591269315305
2.97089041180504	4.15289103566696
3.15020475852472	3.87655768478132
2.66401702390276	4.05078367543855
3.12981646142161	4.01123021693236
2.8895188254811	3.66265315052686
2.95314330535408	4.08159841506847
2.97859707365095	3.90204415755668
3.02952686817495	4.15304410348223
2.93083878257976	4.13317190732083
3.01967705332088	3.4718436814726
3.02122100766255	4.18327526661321
3.0788463195028	3.78258648014816
2.98500205140012	4.00986138222929
3.08762660001266	3.93994878642058
2.93964500399207	3.64292602830024
2.97600664674269	3.94830994329808
2.95186347307081	4.24395794174678
2.87814944490203	4.41999402079037
3.06917702218439	4.05733960316648
2.93666867698303	3.76843294973202
2.99090871908074	3.99076550669204
2.98560262687537	4.00189489480209
2.75103157173534	4.12583630911446
3.00709843440965	4.00824804807959
3.11300321578084	3.88364168038075
3.01876858169708	3.98653698727126
2.81135434302765	4.19702176623113
2.84767792461433	3.96509321038894
3.10970621698436	3.73957748541903
2.57700802718642	4.30331524459729
2.15328668277443	3.73044026825712
2.8307105012389	3.76931579371574
2.93446235490867	4.04158740727941
2.82282369115363	3.74364386146423
2.92385564912316	4.26811556040377
3.31851845361814	3.8650308819506
2.81538987498781	4.01872981341241
3.09397505521592	4.04159249331551
3.00907628598117	4.00501904924371
3.03911786910476	4.01685451015949
2.95758025032488	4.64686022678205
3.24943555134495	3.99900575898064
2.94569834199884	3.94694828780583
2.83613573582138	3.89082334724724
3.1793760663714	4.4741071279151
2.97500609845653	4.4099392140896
2.92060000442946	4.03770242228934
3.33323262669626	3.76182427590232
3.0586084672252	3.93250348597051
3.02474552385233	3.76440834657508
3.03162335844524	3.99598364577665
3.02976858115725	3.98175613039015
3.21742385340606	3.35782929686715
2.89250177876169	4.01782716145145
3.01277871968444	4.43491970913697
3.07868784040432	4.07466353035514
2.94950532636855	3.69810686011267
3.0608746165169	3.92249622556576
3.07294505446264	4.12009380900177
3.13374822601682	4.33323883905019
3.22787839294519	3.90152839751002
2.95344484657638	3.9173250869164
3.06308126460015	4.27174872989792
3.02288334675003	4.20528591203457
3.08318619008356	4.46561785970014
2.68283031628918	4.00463632328866
2.94201837226245	4.05153092395509
2.97715680902551	4.04965674234519
3.02070510136581	4.00284287522407
2.9537912972024	3.9582700162296
2.95594716178939	3.81560687125909
3.05640018504498	4.13009368747243
3.30048637292846	4.38418699586757
3.02447212033577	3.64634659079798
2.94015509704377	3.97310830282906
3.00028492462009	3.99873364407669
2.80343727664426	3.83901522421541
3.3409106399794	3.53755020876508
3.09064450480849	4.1193352300503
3.12241452438064	3.81290832181276
2.99696894742344	4.09317762887388
2.97661088207271	4.19841064821268
2.82069066301647	4.04313325340624
2.79471797040055	3.91756991523872
3.06785324633827	3.46669869499528
3.03895636372289	4.3453214921283
2.97001852680615	4.00000826598246
3.03487497196473	3.7957965894157
2.52446683666028	3.95248334753834
3.4476274664947	3.6694714484499
3.08907584115541	3.90348677012327
2.98414494320606	3.86913679508487
3.02439281168727	3.70377385173973
2.99978038285905	4.01560719549751
3.20732132861936	3.93197503011219
2.99845867680246	4.01395864089487
3.18295467851048	4.03691084248395
2.93316545743559	3.98001972725197
3.08868844779957	3.92245694708769
3.10117750785547	3.97987646860301
3.02117359816511	4.19869560550149
3.00797335367635	4.0388972626427
2.78807690005407	3.60267256378483
3.00517583527774	4.14201482289508
2.63447451654228	4.13437220397341
3.46540639457167	4.36484977941242
2.67961976552943	4.08487102805024
2.70163983087833	4.50226746640747
3.00636854197461	3.9896220897242
3.07245452424544	3.95071596307565
2.86646623672468	3.84987111429508
2.78840206823023	3.79955428291466
2.93073078877724	3.96630020820435
2.9307889744176	3.92146513999188
2.95208413649664	3.81954584463206
3.04628499534057	3.64945686038039
2.96120043380665	4.41908490234185
3.04856296422297	4.08449138884722
2.98899873066693	3.97951651896331
2.92622993321264	3.73620556949826
3.04519666578465	3.97542015435644
3.30892155583397	4.06440505938795
3.08294021156054	3.8884944690125
3.00182607068903	3.99451251207877
3.24823099443205	4.23454481277495
2.60957436248534	3.80344122709076
2.84455276141257	3.7808007845165
2.87288698349608	4.07099425062335
3.03784209071428	4.11699713432405
2.77707562647	4.0978127670226
2.9758771268	3.97129659323507
2.8842787662067	4.04087093774267
3.00999665237958	4.00142100694386
2.82732273436248	4.58602717841154
2.96890714220769	3.9961500017188
3.00786642631331	4.43818363048716
2.87442456176906	4.05048532587789
2.91059116639275	3.79459726200983
3.09664798244646	3.90079349288962
2.9822390679817	4.13156537151478
2.90358358313036	4.4130055520657
3.12917676293369	4.13196113315325
2.74710203893869	3.70624594644593
3.01927164169082	3.97921567372405
3.06450034881501	4.04549646611707
2.96069355093132	3.58031491226718
3.00289620883473	4.01554005963485
2.97001388601636	3.97782719947583
3.05020394038502	4.05155415659739
2.8556007514188	3.8440380599507
2.8259394176586	3.67769379296205
3.09037281138256	3.92161549762957
3.28611772060769	4.16540475204098
3.00326400091566	3.85831959658134
3.10751867845967	4.16270283059485
2.82314898532685	3.98178035350994
2.8565037163254	3.91777898393943
3.00854243763206	3.70584258519877
3.00853321814294	4.06449750876602
3.07340736524654	3.99713569435259
3.49995313388984	4.0480379075448
2.74619461252026	4.16205301780733
3.15180844726553	4.07765010957772
2.72343912136363	4.04824843753226
2.99639893268403	4.01092424945355
3.10503640525366	4.47945183974536
2.92675054145239	4.24074911890768
2.96584550409486	4.04157783268022
2.7644979133309	4.04657473925409
2.67546625751271	3.68273069525854
2.95042388023349	4.27600208710624
2.97811610966064	3.89819274439374
3.33082122203929	3.93946350059093
3.17262103888773	4.04822617448135
2.82232526130035	4.12205966013187
2.57659627716824	4.1262076675747
2.76899273214868	3.7981210449934
3.40564841306858	3.97928776194284
3.00134412054782	3.76647424106131
3.5260744128706	4.33609648165142
2.90942209757516	3.76322530459788
2.88217629714181	3.73086919228521
2.75247362356405	3.78177735303549
2.58463363929936	4.39264974467797
2.85760218564581	4.06258002699575
3.12274673919519	4.18068114686577
2.86610523715369	4.00652186209018
2.98252714821277	3.91263217499624
2.57509284154256	4.04237436277077
3.16155427410161	3.99644581639858
2.69687887513539	4.10941569722986
3.11429817646568	3.85134896218139
3.00410099128519	4.06477251450085
3.0849377860145	3.66392433433422
2.82001751699343	4.02447023371656
3.021900645019	3.97143033249628
3.13051669809508	4.08254597782002
3.27888894663922	3.96986335093231
3.11053791885568	4.12589815971118
3.1342822290889	4.08732183344224
3.8406956843291	3.81000819011407
2.91085466018316	3.96508971711257
3.00495674919069	4.03021742563065
3.04139879668314	4.20979551987204
3.03756173426716	3.98972888013053
3.08997937326726	4.01370107404158
3.16329655720119	4.06344004289104
3.28586260108349	4.31893125165862
3.11023050134013	3.49866481134881
3.31641025044497	3.96748623559216
3.06111988845846	3.9885172697506
3.08606077251273	3.80274759161516
3.00383485880749	4.00110365506601
3.09297139040915	4.13839682726213
2.84891858258311	3.96157960664021
3.22227326575758	4.14298014778056
3.03843170964935	4.25878142731908
2.61442235349794	4.11286654803916
2.98195479446224	4.02361311659411
3.47164923540239	3.84380023583651
2.98239502733066	3.9730423285087
3.24614294367968	4.22564022958026
3.12611336989374	4.14958652401863
2.68587519737662	3.95017741883569
2.875717585304	4.46343023770048
2.99979460758166	3.99987481579291
2.70949548183211	4.26320865843648
3.03781417351716	4.08188936974146
3.0128782297686	3.957317531828
2.52043253383042	4.37428579311151
3.17466649091039	3.83946238353643
2.81608049276396	3.82348366891051
3.17722052734194	3.87855336432153
3.14903587884863	4.17581839982007
3.29670602592224	3.92262035426937
3.03983496705166	3.94712700399079
2.68697987115748	3.51312718020924
3.37284975599308	4.26374825739788
2.69029889379905	4.09229414352329
3.04029766586056	4.20890990427716
2.79279309791642	4.08690602834906
3.00113516480545	3.98373903535443
2.55773932867839	3.71226331430313
3.08881726264936	4.17638128136857
3.22152049017374	3.85503190986066
3.27658834102771	4.01037478601317
2.90791674184027	4.09726387882283
2.79792853564172	3.92328404722084
2.97374378886797	4.11599083247608
2.89845634208207	4.00941007296224
2.54527672508585	3.67113579128544
3.14141269020998	3.95649912980067
3.08949212067968	3.90870262415549
2.80193071837446	3.77184682420175
3.19603919634142	4.17795800453023
3.00871011909602	4.02155050349255
3.22708303230933	4.15464923591378
3.01619843488474	3.98743543731772
2.98653890388209	3.71264984659255
2.83410361904811	4.17956577068261
2.45315015201294	4.32300546583857
3.15142619432536	3.89269902864683
2.81860770423589	4.05667595606697
2.97134339549912	4.06325137823816
2.99705219141711	3.97699272285094
3.11963310200155	3.95742214393409
2.66600099710249	4.00441481549771
3.01134188399852	4.13734972304902
2.92069810533086	3.903763524133
2.89342247300567	3.76483878806129
2.56334004736776	3.98126866016475
2.69359216091024	3.79671958123403
3.17324440093619	3.80105386232113
2.86563670198974	4.10281572846494
2.44731302999817	3.93638999800602
2.79696664122545	4.20735581145519
2.83352541443001	4.19627633738886
3.06779901373878	4.06715464423133
3.31168779271919	4.01417762240008
2.68462998326354	3.48614687997509
3.08552838306672	4.03691488364736
3.21932220572218	4.15942536405323
3.01753007251257	3.96355806757484
3.27492382842127	4.40139964902027
3.07114887511992	3.95100999800084
2.56215204996828	4.03427759764219
2.89752082650873	3.9110561619453
2.85538130482519	3.94351687536342
2.99534717574972	3.99636054203882
2.97385010128313	4.14910614102773
2.87398605832934	3.78739435572724
2.91325880591052	4.00602233417414
2.96007227857103	3.75638805597469
3.22283288420927	3.68418713334032
2.95418613786282	3.6767653893396
2.99643456837585	3.99818940221779
2.67384607766872	3.94122619196898
2.63039709540354	3.80242076000344
3.29274806073194	3.82338768359863
3.22440631685581	3.70159764334758
3.24966973512073	3.97195217518045
3.14035987955466	3.77054087719142
3.02332493059228	4.03179151271296
3.48567910766488	3.93062485810642
3.00112367155301	3.80247519304425
2.86900999621046	3.95602239628363
2.83937385566684	3.75500469321341
2.81465913786764	4.34056644740327
3.01246110570618	3.94980521255584
3.16569909410225	3.91210947601245
3.27788519364908	3.85978448723147
3.34257415756994	3.83282344131095
2.93093576875116	4.02489202176798
2.90997637215045	3.99784388043824
3.00969091894914	3.96357101592163
3.52932919824942	3.44378317192258
2.88037426213699	4.04303152424974
2.7868202932848	4.05220302628975
3.19299012033681	4.13437702779908
2.73274340822836	4.06077947696839
3.1463327373259	3.52444886611629
3.15399252031475	3.98984476597258
2.96361492501012	4.01389162714274
2.94912956497499	4.048530716061
2.96532322174427	3.87596389577778
2.98510996979711	3.85663331388252
3.14221980237893	4.14754935909913
3.1627147338659	4.18119093618571
3.32921138564591	3.70619613251924
2.91676195268554	3.91166311884922
2.85085004383738	4.02730416013311
2.76288050295453	4.11343076526693
3.00644211080297	4.02732071259968
2.64694972043613	3.97710107805624
2.98702189317089	4.15671777007909
2.98282090998032	4.23023269661067
3.05095845123032	4.13803771160336
2.82552793324479	4.15389098111695
2.86581712551664	4.0225852167682
3.0445876822241	4.07107327303513
3.12001615377913	3.8307614308966
3.18075523223842	4.01222776908474
3.13697727866938	4.23224076018748
3.06248713453954	4.00654805072814
2.90586769831484	3.99886835688524
2.962215560333	4.09219088351079
3.01775764350389	4.14097020648889
3.15100014002762	4.00567078350981
3.27017255146737	4.06634464174089
3.18343144386281	4.05834681051248
3.00993633291253	4.36665130195745
2.95078369886667	3.67892498848071
2.83562190924762	4.09550692570993
2.79253445591291	3.85146578653392
2.99781564111929	4.00067452586388
2.78034892984115	3.90499796650908
3.58610106700389	4.06886380481431
3.76219636029428	3.85664858330577
3.24982858913282	3.39969835508747
3.05506841572249	3.84272660845718
3.02398395632969	3.99551560988964
3.1124859097067	3.96985477287991
2.98411951762507	4.07695115384973
3.01096614005976	4.00328748253379
2.97537216261597	3.97837366684297
2.92494127463412	4.32415052665886
3.39257949238708	3.96077776160659
3.14817118903384	3.85097240063404
2.86838048411882	3.80269357456351
3.10347078078739	3.54757377354896
2.43005520829288	4.12929968990022
3.10145652374254	3.76327645021296
2.97888398062226	3.86601676739439
2.54307919827373	3.57266466643782
3.17438815698329	3.93697944541144
2.97359999370973	4.04080809143823
2.98671178601252	3.96612675842534
2.98018515261943	3.93973818583121
3.04862186815411	4.10410383805632
3.55845761664259	4.05211246395394
2.82667566079735	3.95993769531117
2.98955056751612	3.88543675017708
3.32654131257325	4.03027855135498
3.02232181503578	4.02494757843353
2.85124059819592	3.98387940597553
2.99709156969264	4.43542885360861
3.21990494400444	4.26395030164786
3.05627270682782	4.02894941350284
3.13193056349871	3.61235856246087
3.32046797698646	3.73885990564104
2.98605344379687	4.01110043409332
3.28376130574658	4.01279104313349
3.31929537648401	4.02206678462757
2.98649789218229	4.1057230954957
2.62069738057661	4.48871400141913
2.95918351993908	4.00455364743154
3.00879845558343	3.76089084433891
3.10173930385762	4.0312259863488
2.86847153152253	4.17550306335948
2.95130405815985	3.09115361272003
3.09596595597371	4.06636698885838
3.4103942995752	3.70505392526895
3.08931420732837	4.1937032136273
3.18991516565431	4.04573936382417
2.1897970804099	4.0063202064316
2.92808528839856	4.01239572905293
2.80568571760142	4.19140532326184
3.26449941778357	4.01519126684698
3.14531169948714	3.94949043904131
3.32757781970861	4.22289346462262
2.95729910838409	3.89925969818183
3.23660620607435	3.9877172403084
3.20655926206252	3.75526359496434
3.40737267650617	3.94602735865432
2.63642165108897	4.31913478415156
2.97217047412963	3.7346708386287
3.29111009027732	3.73292164572889
3.03029557634885	3.99365954351126
2.55314490953964	3.81886700398914
3.13303658545373	4.06246117826574
3.29744003901642	3.57452933785747
2.9275923199756	3.89650479100564
3.09113419152787	3.82377562968336
2.922002853235	4.01062978269457
2.89023699489359	3.84549845865047
3.03881278787299	4.16977744640239
2.50849651287796	4.02865266472845
2.97525819390754	4.1547168953782
3.34334626193735	4.0879322707493
3.35214921493823	4.10094904867335
2.99764911379446	3.63726022800647
2.99362090820147	3.9399646529542
3.09531708434161	3.86797260247965
2.63720627783839	4.06263442487435
3.03067959010722	4.2550551930632
3.11738446178181	3.50331408450882
3.08980442226407	3.92839883092345
3.05899014855695	3.84765023866883
2.98728854550762	4.1397189587148
2.6359095121166	3.61983750512028
3.03389392776147	3.86128945761936
3.06514074354588	3.9017254035805
3.0383152352005	3.93985003204837
3.14177984953749	4.04380668699549
3.02079299975325	4.02073135819708
3.53809815779839	4.70641134525289
2.82993728623948	4.15018688942128
2.5215181111336	4.23255994703898
2.95292089230636	3.96546473307466
2.90875816772524	3.66822774472724
2.96226240770109	3.97356683052566
3.16358457062423	4.01260128466158
3.1112592511823	4.01912539317349
3.06350603957399	4.26664782346793
3.03161164837874	4.02783710567376
2.71726126119404	4.13959514673616
3.03254448332039	3.9948186014465
3.32487807431135	4.34425648122092
3.38111485414421	3.99522818069763
2.98367150511074	3.8394000995166
2.73347745418415	4.07959672193796
2.8308304167118	4.00922195850932
3.05368333867011	3.50940353364481
2.74236214767512	4.30162227356782
3.20953201567712	3.5494308443026
3.08805856405926	3.63002260016675
3.03296799463958	3.9755634936432
2.90576008824536	3.6581164153247
3.06937962043396	3.9888025919551
3.05359233434555	3.70503396910935
2.98963691241665	3.99261208958548
2.90393021067465	3.83623209787959
3.25517980642377	3.81958469423122
2.99802997123263	3.9917493568892
3.02680833057465	3.78011468963662
2.87669477272719	3.9216834034025
2.85262357285559	3.92198778765039
3.32443862711827	3.82818618597588
2.52571749273424	3.95373543686638
2.81133801017555	4.11616732458398
3.04713117914574	4.03303457539794
2.91097671467906	4.30482564678478
3.54645494286029	4.18273858623542
3.01156033276683	3.99350118520981
3.09433918146798	3.75518771908113
3.18475327135827	3.76387361970417
2.62663907827404	4.00368612884612
2.88387609437601	3.51933475612839
3.00302496101037	4.00184471427722
3.07837863250105	4.03370146658356
3.03571447283456	4.07325568476224
2.72076110953904	4.15551922603693
3.02013225476281	4.02015995685694
2.95972997091963	4.28406383393912
2.98826921268061	3.81550026001955
2.75399501892417	4.12318822874931
2.78734664018735	3.83586880062637
3.13095102950975	4.09879958477588
2.90398577080441	4.51917046773376
3.36257036629441	4.04088877112286
3.23001100100388	3.9887161230019
3.03519799380449	4.50984889363892
3.3202910078218	4.37030161342067
3.17479489348268	4.09398414636557
3.10259130403637	3.96621170305594
2.95131154174528	3.89773252101144
2.78786619096506	4.04197757286992
2.68089012834223	3.98328361423759
3.21628319981936	3.98427651292323
2.99915994826422	3.993794179429
3.00312445453003	3.86617446740963
2.88179445405687	4.12690909864215
2.97123233986248	4.24062543956207
3.03832381753247	3.94716368614852
3.17580844680079	4.13595996827618
3.01639248151154	3.98146041975072
3.34742060525432	3.80544007747439
3.50654362387003	4.05208315699565
3.04288251304525	4.01757435961332
3.1298549627916	4.16269913562723
3.0548092944772	3.92513428565809
3.04235444422049	4.2967001199566
3.01411964187725	4.07351204035588
2.98260265656025	3.98370289965481
2.8266789418664	4.41130358725086
2.83132075996492	3.74952683649203
3.01110886268943	4.00001317540879
2.84817404762276	3.96341714146591
2.88062711374377	3.92756862829155
3.20923125964903	3.7669543245419
2.78350071283614	3.99791583782101
3.05612248034087	3.70722641209652
3.13055567841863	3.90651034777609
2.89981750898457	3.97635073385843
2.75918628738538	4.01426152001244
3.12614461441471	3.62509200333848
3.30880084087707	3.9580943511365
2.77813517074114	3.96745082449532
3.49072065813248	4.00951849282014
3.13067964963447	3.66815798998834
3.04107122059155	3.99130972554182
3.25442042665446	4.11939006118936
2.98504583998638	3.95445320966669
3.12905401504296	3.78670285111094
3.0594402751495	3.96377471173153
3.07550589395569	4.067958621695
3.05906858391593	4.10613711254059
2.84965720613295	3.98896017083969
3.08937280122559	4.04022690435807
3.2411052198568	4.26436764558725
2.98971214144553	4.1427995952868
3.12291827684325	3.48513586006746
2.89564654402842	3.82728523077869
3.29878822869336	4.53580654316752
3.51849525310583	3.82414713091159
2.84999875036162	4.15271036964135
2.97077474050049	4.11732667835577
2.77653935012152	4.23779321698597
3.01615388179122	3.97471705809355
2.96697140816462	3.94370219704549
2.71002907645128	3.83836087420372
3.06717174917487	4.04274867534764
2.89450027134902	4.03627062895443
2.98310704390218	4.01000678753832
2.48692355229593	3.70949528253957
2.85649242016627	4.05945538609688
3.03650333264344	4.4010529344905
3.29400065972337	3.88009129881111
2.88711264898101	4.06393032056498
3.16687990752417	3.97856377255451
2.75955731925095	3.91284015722262
3.01821989420811	3.97455691266455
3.12788669651443	4.01250081671372
2.95745612086697	4.08897966957159
3.07285127291303	4.08349938969225
3.26984174895318	4.94018243042221
2.94956953632872	4.02666641349633
2.62644141446765	3.87677720507545
2.75157102941213	4.37131950612945
3.56300051581528	3.53590557383853
3.13115892025165	3.88893730075932
3.0007163763937	3.99591428438387
3.23205304164807	4.63874086292865
3.16501515710776	3.65567909382519
2.89124961415727	4.40941109762945
3.11727833093633	3.86067552838743
2.95661593498316	3.87128789691056
2.94897735337585	4.25986639714037
3.23921981390878	4.18339331920565
2.90441335189872	4.1154838720421
2.91985447309432	4.21369772279753
2.91752056352223	4.15979824893814
3.17692592178173	4.0658176698004
3.02668336233308	3.85128419434115
2.98732740062319	3.99773664530081
2.84107644686608	3.85316977360934
2.98395240821851	4.05426707057715
2.8370092650846	4.36490050095419
3.10515251166167	4.07206511989177
2.95193287977784	3.99001376252999
3.39609990473072	4.1092534044815
2.79337465592602	4.06922179396217
3.00840525667107	4.48730145020364
3.09632435690066	4.07509418647072
3.2117350939277	4.05883889316224
3.29277947933482	3.69521409950837
3.13779876623364	4.10481963315314
3.03331449422521	4.00819244123763
2.99886154436018	4.0553716366722
3.07704495967884	4.09509531335479
3.15570880233359	4.0307596383757
2.92164090314337	4.1505250339931
3.0116465153282	3.87204004832568
2.94054967414577	4.0067613729502
2.72182247266084	4.20540609068585
3.42867831487427	4.0876206012372
3.38862927842519	4.0968436902973
2.99355372773747	4.04251203698678
3.10121463066868	4.15669436733506
3.05245625559774	4.42025089902839
2.9192087279434	4.14951602017372
3.08690093209748	4.02323073034615
2.95148414556749	4.00412978719814
2.84425498067306	4.02941706955278
3.18288062268858	4.08576960172852
2.96158893761954	3.56184491868542
2.85998687018767	3.87010438118635
3.0419002868282	3.99119350706764
3.03827505671411	4.48689525813101
3.01271106348556	4.00132740725108
2.75719952139176	4.4430800061018
2.99575099008662	4.25153521311757
3.72739611184302	4.24329160631572
3.09541537796737	3.86926153949699
3.16393822830492	4.08735193046261
2.75248533446781	4.43942000255118
3.12544346398241	4.07949507182152
2.59224664708488	4.01044629589718
3.00188003062975	4.26311978174218
3.19842070099238	4.08400221781971
3.02453613410063	4.25863134907365
3.23998909186686	3.83471908784463
3.78941519354525	3.95614978478014
2.81062392097303	3.58391560059381
3.11494776130815	4.27508966266957
3.00633530253466	4.04778801452606
2.96368040006329	3.93480785195312
3.12491618060435	3.84444870597731
3.13378125766128	4.09086879107157
3.14623329929886	4.27835492785999
3.20663074106165	4.09260974227171
2.56772536354606	3.95642824171047
3.0577641153386	4.24395705144765
2.97031547702237	3.95755167612739
3.03331593146657	4.01589602845622
3.03757788093205	3.98674699428601
3.58881075269377	4.27006107329185
3.14932017196319	4.2612828563377
2.67828580948954	3.91891530670299
3.22469210814589	3.68346873279605
3.55390823056223	4.30482805937155
2.91610989362161	4.28365941167667
2.9703995784803	3.92003510505857