4.88766900946917	6.75185713741826
5.33225573295782	6.9922512105241
4.98930482200959	6.98557809042214
5.24659890770703	7.21027206666084
4.95942137393804	6.9957444838768
5.07503607260326	6.99205244976343
5.28601325655331	6.64485705539154
4.95231881643403	7.03587315437446
4.85163707853642	6.96271310289177
4.99861916102657	7.00329372241333
5.34648292505584	7.13442213828873
4.84929163754045	6.99891933131249
5.13826328780818	6.85469043740566
4.8910393959999	6.96572748681376
4.70340983080818	6.84016498113172
4.76149186243936	7.0315018669661
4.90210131377742	7.01685416347547
4.89657265183486	6.94993061689023
5.22003638075912	7.00308368043805
4.96150804343594	7.2961031679766
5.18825065406931	7.00210565354345
5.0192240497745	6.78025819623126
4.70861782919958	7.06623016146495
5.42738653297272	6.95773027215637
4.99596981414263	6.53961339659179
5.00271092434738	6.89565208098369
5.05744937834042	6.97676913466004
5.02291819010943	7.02836999147861
5.22663587032393	6.92843086757885
5.00268823907215	7.02983354235179
4.96499159961863	7.10078027323963
5.27982099028486	7.35354872708568
5.00333368076493	7.15224769721386
4.95601035767472	7.11105937919014
4.93604574682989	6.93803030903657
4.96308742057024	7.29822792923216
4.99347636724531	7.00397574502074
4.73718715807583	7.24930643159464
5.16656991061786	6.8226850760784
4.74963025583968	6.77465912134742
5.12668627119072	6.91669776508159
5.13340094768736	6.76213437969023
4.87931096043411	7.0702476572644
4.93326583411473	7.01772632478972
4.94489111056529	6.96583662218987
5.13934513553086	6.99656384990458
4.50092728267773	7.09696471353702
4.99659596235197	7.03030810250527
4.83803668869316	6.67193230538398
4.95028765541161	6.95751339592983
4.94315897932909	7.14831993855802
4.8647423214321	6.86050402209147
5.2031214260436	7.18284506978602
5.00133879229264	7.02158147147531
5.2584438173765	6.99944484117342
4.93097534467103	7.45539485850093
5.15986811766048	6.79077096131389
5.03313041944719	7.0448461075081
4.96650541740186	7.48803409941244
5.00505343621469	7.48615630138803
5.02424918940887	7.1981080807908
4.73039378574347	7.18406808834928
4.85062448071793	6.9125217560251
5.01618320729982	7.06061428302618
4.82416267327526	7.26828159020406
5.02222707700993	6.96117559151092
4.97269718382127	6.56389917835121
5.04756887034256	7.13122256459792
5.058952936447	7.10847432473542
5.02639218285574	6.99834829249071
4.94081656585915	7.07365469991803
5.04155465125989	6.78492138283209
4.7300721441587	6.84697558694846
5.02141347159778	7.02488350445911
5.10927368150311	6.85275053189022
4.70422388864059	6.75263383350983
4.97208101356016	7.11293190274958
5.00755277500128	6.97835781694722
5.06220408322418	6.9703868401008
4.92394099099491	7.00704035748805
5.16343273604063	6.96158885622074
5.10728097762324	7.01155941159385
4.93370527531586	6.92483654189797
4.89864805282891	7.10778600765566
4.80210742024018	6.84684410241363
5.16035651454715	6.78033808148257
4.85943730921051	7.2756692063085
5.09453325121573	7.04004282980996
5.11611370455776	7.07112770241278
4.93213633372591	7.05380861185366
5.0055800808742	7.04039316240161
4.99261342007394	7.30206341275929
4.87363079021105	7.03527071487119
4.97631863257798	6.89777033811478
5.30039495392294	6.91172260381638
4.97997616211083	6.8486238742999
5.06154075584005	6.83585225560847
5.15832299131594	7.13476578973183
5.22010612948328	6.90557042502483
4.98355270703524	6.93805554737309
4.98817669321476	6.94912620083321
5.26706770872266	6.94367710101542
4.79675375522599	6.9926284674541
4.60212919689748	7.1630239891879
5.15379124984119	6.91118271040446
5.00430797526085	6.94538026473732
5.15991888413477	6.96447631196668
5.14076101197069	6.49606608943755
4.84922088765824	6.88130756997378
5.14724676057755	6.88314470832814
4.89650834240793	6.95078019210041
5.0184471510842	7.03136078654655
5.09548265978518	6.99571697958045
5.11881733540267	7.03384703999999
4.90881479422408	7.06001291882895
5.00580078898612	6.85471600974534
4.76720614704109	6.90840676497257
5.02721280712864	6.99631430488551
5.10695837258293	7.37176260061976
4.99327737945351	7.00062568656324
4.91160186191118	6.99569332126193
4.89280092226852	6.99075953250174
4.7575110339106	6.9505360576724
4.96068159742513	7.13455735167981
5.07409686177684	6.75635723313862
5.00726439071753	6.95818247174196
5.30685735270453	7.69029220221079
5.08880565370533	6.71059078825611
4.95607122004801	7.14009999353686
4.93365839967342	7.00737605438774
4.7859100956829	6.71661540406713
4.71672971647938	6.9214158080014
4.8848722395274	7.08323869702331
4.79094128660622	7.13037240217723
4.83060278965685	6.95959157810356
4.96588586894412	7.06097515409377
4.84957768660149	7.0349567549965
4.90300626530825	7.07343579770931
5.02870911021177	7.11639952376818
5.00659105745956	7.04631740203234
4.82411653962177	6.79293769247991
5.14135265098017	7.00938810248386
5.08754185513714	6.86585669179674
5.01750938722732	6.95220194547867
5.09738477171845	7.04689561718241
5.04616236096078	6.98417913866137
5.00377192118784	6.98900407146912
4.82396684094139	6.83989256062397
4.95229857894801	6.70340142947872
5.07196305015984	6.93636230738115
5.34032213177227	7.0992222105645
4.94503513792678	7.07245619319623
5.08474874141943	6.81120525550884
5.51207153740946	7.1956727260693
5.14989913372914	7.21687956219791
4.91069731235872	6.89571757558732
5.03333875812573	6.97548051851132
5.04506121107817	6.91052343133641
5.07334756090362	7.36184402299449
4.91515289501177	7.09716152460451
4.85358426094601	6.93799314471381
5.03236659598471	6.97560613030789
4.95823273932889	6.81856983118858
4.96063760519943	7.15297625298009
5.22250657331111	6.87469001879532
5.06697259548475	7.05619027911633
5.26953082350373	6.80618240087942
4.95014001117661	6.9701905684039
5.20584981645476	7.07628532837275
4.99856782378489	7.05181877557919
4.9241317854489	7.00007292399452
4.90172110095412	7.19601019736811
5.29111299702335	7.07514083251856
4.98342638346398	6.89836070351556
5.09015125197348	7.25908648847104
4.81033182675002	6.65568991138347
5.08237607469877	7.24711185884048
4.98276605201893	6.99230517159154
4.77932518128121	7.21330963296533
5.07803097081572	7.05824290726016
5.51405628178608	7.20525218140567
5.07197753842308	7.10590626537232
4.98585866297371	6.98709071420391
5.08075900046551	6.97491476526352
4.90971284575039	7.0307075145884
4.99184430607601	7.12398513881732
5.10129741670183	6.90013659768702
4.94799621013525	6.98147033547459
4.66599124358038	7.03394105793253
4.83902873959465	6.98436229334286
4.87745370128557	7.15032953185859
4.67093313002692	7.2083432311597
4.99468191017372	7.00541001089359
4.6695346590277	6.91637872421454
5.21659624272115	7.13543446203931
5.03017195181174	6.9942648397726
5.14514652950525	7.05887344328826
4.87968243717281	7.16364799803806
5.53555308397265	7.05893752991031
5.00772973658291	7.01753985966883
5.12900359347386	7.15682807760911
5.09986733446228	7.03589876958285
4.81468120197358	7.06268698807829
5.14881702349742	6.85708808417741
4.68878222502146	6.7878434419412
5.01093535797843	6.94016945899735
4.95046044858887	6.92453141052678
4.9264328967385	6.96206317424745
5.01831746928624	7.15252088745602
4.88221941430809	6.84016472406618
5.19189535763889	6.80011542701144
4.95892639782672	6.9158896410873
5.05043315358525	6.57961442421319
5.34093536892893	7.18221949322319
4.95045114434454	6.82093086136057
4.94817967365025	7.08680468502732
4.9557886569787	7.06611504764626
5.02872672868017	6.96259188432457
5.06912782945502	7.22784485694539
4.91106685181684	7.00825879554316
4.92119998833118	7.00703969290128
5.44754232194566	7.15994307624781
5.088929296993	6.91279713182587
4.96695388474856	6.66988798792127
5.26876780987392	7.16464242077426
4.85222259792997	7.2413744496381
4.82468483176329	7.12669054201182
4.93688913035487	7.07268564193985
5.19348827408903	7.15073110505305
5.07836292779012	7.18188170827751
4.85739619475474	6.85833056462532
4.96802952154723	7.06210280284654
4.47990524907912	6.94645082486698
5.07410190510331	6.96025369338403
5.02614058519326	7.02440491694996
4.85893806959925	7.02582299810431
4.75494977476272	6.84055076586862
4.92790624917743	7.0234649653514
5.02856132435626	6.98146850921584
5.0884628042934	7.36572452107145
4.99957365781795	6.91522414979258
4.93661247695915	6.99919321728908
5.097617599452	7.03393721303904
5.23367179786313	6.88343318299152
4.97031798821453	7.318841761283
4.8049351017496	7.00354344699563
5.18511241050428	7.51270902095555
4.85968619888591	7.07072507081537
4.52415095085946	6.85416607728136
4.97129969966212	6.94713740124129
5.14635354311034	7.02389893150271
4.95910449100177	7.08945096255815
5.13653626114584	6.84971349460012
4.95067046553701	7.29210424335513
5.10187043058598	7.13371247418536
5.32424463261873	6.98987659900976
4.92339344679659	7.28752072171658
5.25658090501828	6.59698282638825
5.21857603943845	6.87315947686504
4.92087727804556	7.01299234888338
5.09989772071687	7.14546003891934
4.65855623081891	6.82742724417194
5.01212813153016	7.07980444743114
4.90712093622673	6.94570035354586
4.72661248634296	6.75049711873557
4.66548047326409	6.9260580085206
4.79940914641699	6.47184704828341
5.27640753564145	7.05733143527874
5.20618427286465	7.09563376443679
5.12582185386631	7.26267284839574
4.9957383887146	7.04646559115974
5.28528161491101	7.09667720315853
5.0061601319767	6.90099157018518
4.93478421494159	7.10074862867129
4.77966505220748	7.28998646599686
4.74714085220012	7.00948785690246
4.95047194765521	7.17734827088431
4.6723313997854	6.91372797421498
4.91353287051713	6.94372437385702
4.98989913654673	6.99753422266808
5.05275995208566	7.23037151655831
5.01833155032275	7.12291770988465
4.92701945983042	6.88740766419893
4.89792627476333	7.21965526079036
5.26617488180134	6.81145629511379
4.82250631283664	7.00391265679986
4.96080433270279	6.96493744823497
5.00203429698472	6.99778811820801
4.95073792697468	7.10082564634702
4.99817856943118	6.97297132061446
4.98522300119858	7.00838040744703
5.04977973220946	6.97381964750659
4.94067943812629	6.95909783657097
5.45205187057084	7.04351358976967
5.03658850988356	6.97364831038428
4.74369244209572	7.22840215895918
5.03104684960141	6.9238195748762
5.027640979978	7.02004545756989
4.99726275357295	6.96639985970111
5.00098513987137	7.3666721468899
4.88673388470693	7.12668691458474
4.99595841162563	6.82326348798959
5.06452383051907	6.97475733920669
5.26953171912401	6.86863807919137
4.8913733150035	7.01613329643353
5.02289301887996	6.70501888207489
4.65803211154453	7.25693049859854
5.02321227442039	7.36750955127105
4.92777096523557	6.89358635053539
4.89775597733794	7.34956545131226
5.0896626455368	6.50133953219998
5.12924503749332	7.18602347133389
4.99995556837245	6.9782856959942
5.08862964705675	7.17819889253756
4.93297953581843	7.12316241310446
5.37302533289888	6.98576998845917
5.0601632457924	6.89493336561892
5.12470283194735	6.94205092000845
4.98100347289865	6.88784386356266
4.9994384924937	6.99633924110107
4.92465550422811	6.84517906023522
4.62562859770128	6.93137206181437
5.04980764589431	6.8801376815106
5.33594024037657	6.99056132658634
5.02918475893727	6.95469920003059
4.94078148000724	7.00061303538392
4.97613299089012	7.04965912371418
4.9931851914681	6.98658355670858
5.08654094469636	7.36334157156745
5.0743897436702	6.82701799281703
4.99878060040477	7.22463565562699
4.91207941789647	6.95779052176737
4.99851242417164	6.76614784600732
5.69295506766088	6.91407226185463
5.31261043089099	6.94788413952632
5.15761186986852	6.91765661082986
5.0050642513409	7.01737949530072
4.6259500754703	7.25506616105394
4.99925511377686	7.0012476321406
5.1144370168777	6.97358414784318
5.07726037108079	6.94583892932957
4.84145588253433	6.70531894660922
5.01336404585035	6.98878910118876
5.38420045539144	7.08710135666088
5.2069197847596	6.98304173558599
5.07534540171629	6.85344582241172
4.99294760545218	6.99036210860514
4.96355908772949	7.20808974708834
4.9116112552032	7.05978935042623
4.9131877642607	6.79196236352938
5.29926456242308	6.96170336767242
5.08686163578449	6.9609297400732
5.10466647442651	6.98011430423253
5.16781592567784	7.12629029065675
5.06888362792622	6.98507957852256
5.08444503590607	6.9864478078296
4.8629306522899	6.58196244982153
4.88646788928474	7.05163344229755
5.0817065942983	6.99497201879471
5.06080784876184	6.71167753744218
5.02166930111191	7.02923320288653
4.9674165825811	7.19526367291215
4.90668666347131	7.08582902861515
4.66555800562861	7.14589236430689
4.99234655253035	6.94489119537038
5.08561265950475	7.10308947687914
5.08748828723775	7.0791948207294
5.04853498139607	6.79001950375609
4.93082547560522	6.60290841852487
4.90571407993632	7.11069284131772
5.01170804057809	7.04820537602338
4.82536381328352	7.01734263834335
4.94524857183292	7.00790924324305
5.17120359366685	7.28388959645688
5.10780873937511	7.13835534607214
4.88457848812216	6.97108758455573
5.04230294334055	7.01693181361459
4.99659270222773	7.00015813377861
4.91943503661215	7.03091825303203
5.13459919330319	7.21112288088049
5.00724414658671	7.010697619129
5.00029630871222	6.9992770788634
4.94338719062058	7.09239576072552
5.01597044128497	6.9899188727403
4.98521605158417	6.91630835284698
4.85869660228643	6.98683526108766
4.89002935015928	7.06599723031905
4.97293164893792	7.01409908764092
4.81776994657864	6.802661038318
5.03393132066802	6.98502503201908
5.05289155714009	7.03062866957029
4.73360295000478	6.99858758561505
5.10551644313758	7.04760373436736
4.78504079977876	6.69711303283549
5.05063189567812	7.07896998259493
5.06915825968783	6.85740063573654
5.08619644287026	6.96120499295146
5.05642614665201	7.1456078014087
4.97246679984485	6.83207908917831
5.15280148991264	6.98643677719187
4.86291156385753	7.04338514577474
4.73334312559787	6.90550539762708
5.09125893566499	6.91038312594073
5.2362159913309	7.21024586747186
4.76102601903069	6.79904174884665
4.9857306152928	7.0033168712838
5.12412443243643	6.72022804135099
5.04931212077023	6.78508384960813
5.13537929708357	7.09026343537808
4.74771853448133	7.35088806128873
4.78549489577569	6.90185567295599
4.92352136168053	6.9707775756387
5.60583023564839	7.22368531019476
4.90722708524344	7.0424480661348
4.73267399166586	6.96098497925326
5.05370341378448	7.05387493400164
4.90100381405454	6.6302033486343
4.984916186559	6.94953790322118
4.83300198639958	6.94399223737013
4.93613064540375	6.90720375907378
5.06928668621243	7.08305868993143
5.1354378842403	7.12110834438385
5.03859474829321	6.90487715299425
5.02831195260566	7.03458091826946
4.96073242700663	6.95868817740724
5.02883718558589	7.00010794724496
5.00600601075509	6.99163714219561
4.86833813299887	6.95984572945256
4.98107462051596	7.00223937863301
4.99962810228745	6.98715227297697
5.21375402916007	7.14214959201876
4.95766424847258	7.00191200524586
4.95673945095563	7.11103523873059
5.36125298639396	7.03900019325765
5.096717953165	6.99764462829478
5.06585415142863	7.31166345586824
5.14407483600149	7.05498577889643
4.79598392564063	6.98377186863014
4.8730190135456	7.22454942436183
4.84205517000558	6.85988210979125
4.92226334546618	6.83831643026307
5.03071122144665	7.25309825430121
4.59669790514835	7.02681037779842
4.999284011382	7.06163873102794
5.01121314246658	7.2268038995786
5.01660295034535	6.98958614399601
5.30158037790405	6.84042825261379
5.03159065520947	6.97858642836921
5.00053385893976	6.99405359971579
4.9965959009508	6.99573532428453
5.13789054137303	7.09421555704388
5.07933219431812	6.88158597491874
5.06200815281655	6.62009896835505
4.92696569462735	7.076702585045
4.7540047228179	7.28114376843774
5.35820273831163	6.78838862188152
4.90165998971552	7.13490927705876
4.86973790350027	7.08617804327564
4.85943207870725	6.82435295477615
4.9257259229073	6.90059179428864
4.86748175852124	7.13450934820518
5.08438242000826	7.16047625660984
5.06913932610463	6.98214759080442
4.98617158555892	7.02008302466572
4.71990326171664	6.97785655343784
5.10347866082208	6.92981833829773
5.06287698371062	7.11357677562561
5.00815964753845	6.99135873114079
5.00514226988586	6.92057622092047
5.01480786271477	6.82916077789474
4.95939406594401	7.03737088319654
5.13987478692166	7.01265617525139
5.05247967176801	7.11028668577356
5.22711841642649	6.84195552755742
4.72896087690749	7.12053941563669
5.27187533308619	6.98638367961562
5.15933294955737	7.13580719406333
5.24112422190427	6.93436895777275
5.00319214721254	6.76213331552784
5.19540129411914	7.25914566901326
5.11819136519592	6.96377415682128
4.87237267748679	6.99057679060822
5.25726180908868	7.06886237630342
5.12059302761224	7.0603742331259
4.87519767833594	7.00466250570922
4.8398516656899	7.07619454576967
4.85029627674447	6.87768499254526
5.09584410961377	7.03933875357174
5.05455878259209	6.97289970682396
4.99506956391999	7.06231673608372
4.86915964775021	6.94846708011837
5.09184030492574	7.23524519575808
5.09396520642692	7.13367155542355
4.74975205410863	7.14747738163547
4.73290724565491	7.12686444629765
5.17048898949985	7.26495129918966
4.4462216764182	7.32668406858398
5.01187368858379	7.05811558245318
5.02132022683301	6.5131956204536
4.9812861262168	7.04645038090993
5.31021763347408	7.0304914825332
4.8669974883599	6.88260038729449
4.9750634099031	7.00072508776943
5.06627971234877	7.02223516759655
5.2290077612789	7.1306715124757
5.13347606169467	7.38529019177952
4.99374455003029	7.01919697311733
5.02072590985137	6.95925265269401
4.95122258350091	7.14693522795775
4.93716579022284	7.24368128182962
5.02873975590881	6.95297052981393
4.9884396811018	7.00217606588578
5.03140989707587	7.19854145182234
5.2285208890485	6.94687474268665
4.64235369445913	6.72840240001161
4.81438366215942	7.3378779395469
5.08014474176716	7.10255317367461
4.80511899568052	7.08729761606345
5.43068308957198	6.90469908841348
5.05222331251866	7.15591824760416
4.99736062780807	6.99651907432739
5.12922155919818	7.20949342750763
5.04121611745562	6.88179532655845
5.03674835168834	7.0101676597033
4.80899865645285	6.85606673490251
5.18545105373419	6.99401208368239
5.13297543944455	6.93292448298422
5.10618272276072	6.97534302690045
5.23247007681897	6.8155197146494
5.00198607354606	6.99369373861097
4.98669840052743	7.29689724747101
5.09792782257238	7.15768866717686
4.97633520018076	6.99191144755871
5.09685621576528	7.13085575275095
4.93465096396517	7.01685462560098
4.8619282149087	7.01766932461129
4.99204294241192	7.10589786627481
5.01077461626803	6.82156697635293
4.83047475408989	6.68159400026455
4.97334177348387	7.09833060663343
5.54426912009096	7.10148697843652
5.00412323877576	7.05527925386012
4.83114635089825	7.45060038328224
4.85489007432842	6.71030690805951
5.36264262143912	6.75509960562575
5.00548341608207	6.98974920605127
5.00519590544962	7.01296911455066
5.06853891993154	6.99847065910565
5.11768035366859	6.98052287119847
5.10446782540376	6.94717334163151
4.98915760043223	7.11395724720812
5.06005296296739	7.21604513420278
4.91385625133719	7.07095917680175
4.94425946598389	7.28760279395668
4.61945170157578	7.49744722684364
4.95755235138843	6.82082013698504
5.05873707403703	6.89044109500174
4.82557742563309	6.9620440581973
4.84442580747981	7.02635438998396
4.91840075780178	6.75941299718452
5.02487351356949	6.81169748163126
5.25896310193305	7.23537796243168
4.90564977955671	6.88664061266103
4.98896281040222	6.93634856437045
4.82345295170325	6.77982457826592
5.00096944871755	6.99929840573292
4.97439950237814	6.69097113642085
4.99861347665033	6.95903999342377
4.98100332190554	6.9602376126168
5.2450204680937	7.26178803289304
5.201277748276	6.91452182268504
4.99277063963052	6.992756231964
5.11658099554464	7.06364323328298
5.14576423581355	6.64983597155588
5.07097748744242	7.02390484406756
4.7171665894295	7.0253793129555
4.82403411041385	7.21204951621974
5.08142657633671	7.01656344064398
5.35730354305531	7.10394962721069
4.74934994829588	7.2026785315682
4.76701055837366	6.58311138194251
4.96467024358915	6.93142092396717
4.74589593783304	6.91296988459223
5.43574898024164	6.78232517330355
4.9191610353335	7.02282814347563
4.5851275925657	6.96943764420565
4.90120308850805	6.91578955309778
5.03010810457297	7.09982844241655
4.95302504423365	6.98092106086049
4.71498376449697	6.7516731693596
5.15042680786681	7.23428460191643
4.98986260136822	7.20119088161405
4.91926197754056	6.97554907941446
5.21825035848581	6.70332637671493
4.85882832417297	7.0121766898863
4.90833873172368	7.08032078949762
5.12951729213009	6.88923652720258
5.02565234308747	6.84892258986516
4.76632997353183	6.76467255160464
5.16363648118764	6.77488898538347
5.05853699092642	7.00737487245108
5.14978692602087	6.92339204207433
5.17881819063145	6.58937077046394
5.21453144836179	7.20830610759595
4.99626198831954	6.99597407232542
4.97947370404366	6.85096550396074
5.05589563415529	6.92935309690421
5.31521485326885	6.86306197352582
5.04264030792837	6.9194783244681
5.06987860156235	7.03406594802461
4.92253277767716	6.72142330885253
5.01572929835148	6.99130762853703
4.79048794419325	7.08833818473757
4.96456056347832	6.94222388194161
4.9535946454033	7.31095580288431
5.44079342369587	7.18180689254652
4.91777441163029	6.87785589897366
5.05358652963703	6.89732936618233
5.01060200396467	7.05402540952486
4.99908505491	6.96846642155346
4.65058290303027	7.0830924158444
5.24283775231331	7.31004287335485
5.19316031707244	6.92009533446007
4.76466922318828	7.21418384696841
4.87149374216157	7.01287118861157
4.74669932578957	6.96810408405818
5.00708351089971	6.79743143108297
4.91428491452096	6.8102751359468
4.9761248697154	6.94067358984861
4.72926947380154	7.09548720832117
4.98505951550593	7.09959329670266
5.0980102797598	7.08186178980471
4.92093480185284	7.01599956324845
5.15039152621295	6.98621227159824
4.97319671372022	6.91947289894917
5.00547792673096	7.22874196453598
5.31235035586711	6.60423210544555
5.05975185257578	6.85561122767517
5.00039184121088	7.00316815593654
5.0407269562823	7.09452723328845
5.00106781467774	6.84328043539963
5.00397940850981	6.91347633406036
5.39852557230729	7.05932310258012
4.80951789317672	6.94922475730809
5.23662139575994	7.03680623730638
5.01234062110072	7.07861036242361
5.24915563074849	7.25400508914015
4.93577478399009	6.83378670206443
5.02625541236082	7.05759727642938
4.96972819724646	7.05082571549026
5.13749525769872	6.93331766602962
5.04520997942022	7.08481620308975
4.81146657140422	7.26109377847594
5.27096672441989	6.87903307224993
4.99819202672337	6.88882672107846
5.05988975344561	6.79367609004144
5.11436324477198	6.86025780237301
4.99381020385432	7.02801260034165
4.79648910159465	6.9209992508461
4.85940057288275	6.99005574812906
4.79662121239233	7.19082687862087
4.97994429886892	6.77800434026348
4.92881789204091	6.95148078666086
5.21719539733132	6.91473737942799
4.96577769593716	7.13030198156168
5.00456041218857	7.22509461720694
4.85588246567795	6.97075001769694
4.71365931086753	7.19762267160249
4.95428958860743	6.96436446118651
4.99360629651964	7.00587017650963
5.14197468220473	7.06903636740751
5.00109871113177	6.70042425571112
5.0846679200128	7.20254889969726
4.61970127085641	7.1880913068216
4.77284581147671	6.80344521884508
4.96056749429428	6.90661798200726
5.26729673796694	7.02542577649505
4.9815629575608	7.00308475615845
5.43685261566704	6.57058181387546
4.96125239362749	6.68734851684699
5.24334347715919	7.1949522156517
5.03776018842095	7.22137071635541
5.25651765073448	6.95969668760238
4.9023589553388	6.7751927845415
5.04996118809804	6.99956552946741
4.89142928227165	7.09684561843173
5.00248599734082	7.00342242817197
4.98426379431605	7.21157493513636
4.95275924826198	7.07683478949406
4.99222105469757	6.92561848613973
4.98642636335952	6.85950491669505
5.24016614699589	6.87973354673645
4.92728286735231	6.9685788993372
5.04556968174725	6.89577064530551
5.35865667173559	6.68533348551806
5.14250205248977	7.08012259451537
5.00769670871123	7.00157271432577
4.78452676724187	6.98707422577292
5.16471181998582	6.92686096155216
5.06130941108959	6.96045372940529
4.99732395082066	6.98042476344178
5.0953559074277	6.61390620847211
4.60803046282573	6.58758075785083
4.96229018221862	6.95650684369934
4.77347280182785	7.03221925548018
4.95518223258022	7.0216331009745
4.97404839687124	6.97372305333134
4.99774816933254	7.01792765086808
5.13624945813664	6.68150159765584
4.85674238957331	7.16827409214176
5.07711561100675	7.30101141331746
4.91899941435706	7.16108297140431
5.023070489211	6.97701647912701
4.77855191600405	7.11644463066121
5.03658010079055	6.91051271820795
5.06014819570054	6.87674407047343
4.95403168183414	7.03431817728163
5.39910549012379	7.07615188207746
4.90097669649936	6.4655464367027
4.99276610704432	6.92718212238119
4.89332399416635	7.06054107573712
5.00142576947866	6.97096101207947
5.1524586995839	6.92441914847482
4.76981361912005	6.92393624951535
4.99653235108151	7.0313298730057
4.97651049606303	7.06756719248921
5.17883097200631	7.04593088724405
5.2121167049351	6.87891721398173
4.9258926946626	7.22568083239612
5.03839586498204	7.05287912389938
4.85048405372817	6.58504678118285
4.99083392276243	7.11681138223501
5.00623352219838	7.06551895680605
5.00661469729129	7.0141173172623
4.82820109679485	6.7600845446951
5.42331797579314	7.37568099441403
4.95759348628157	6.91126062012494
5.0157531177765	7.22619672942439
5.35583140640445	6.87803425103708
4.94761088277894	7.19473778248381
5.27104702551588	6.75361951921789
5.30593474813639	6.82990890999833
5.3880703859263	7.11737466356108
5.03241067830208	6.98265717038766
4.86158014718361	6.60839952563589
5.14695131113798	7.08582426614764
5.2265262142447	7.30519692266528
5.04458923132804	7.06651749653566
5.00711142753135	7.18649095137684
4.88747430437605	6.75926164895228
5.04914836967027	6.98637812494476
4.72938630347764	7.21171029876498
5.02028086555005	7.00888176285842
5.07502597819729	7.01458585316448
5.27001588205473	7.13799703288399
5.00452229476245	7.00784918533191
5.10268884595391	7.30404398184814
4.78641021353883	7.03186034343147
5.01188062846767	7.03272060984288
4.92941617394812	7.1239335891155
5.00688108123755	6.99811878326922
5.12625533115704	7.08170516626041
5.0355822191299	7.03511776880738
5.29479786100112	7.04053881517664
4.97219745677473	7.05813986644671
4.97626204420796	6.98665449440502
5.00050265436439	7.00381816843017
4.80171402723979	6.69445750636536
5.2228941742285	7.20050699036528
5.21617308171761	7.14006806204879
5.01568536888857	6.99213528905669
5.19832713531146	6.95153826884487
5.00021748749345	7.0069575857268
5.21469643049788	6.66546517477531
4.96307312834223	6.89551561937965
4.99298161616903	7.0029224732773
5.08288696066638	6.67507455081061
4.99515265269915	7.28882915378563
5.03256868685952	7.0318516848867
4.9430886534803	7.14552874986917
5.02127727576806	7.0072582102064
4.99354380532437	6.98515276226179
5.20702478371686	6.91411677550451
5.09264984960115	6.90273447967549
4.90243035842709	7.00030963268823
4.93694170616111	7.22290646132772
5.00363775270136	6.98287630631509
5.00155526238576	7.00008760011624
4.73080190106882	6.86267384104654
4.98048977386777	6.82381092972544
4.77724872676744	6.84749530031182
4.94884961141387	6.93940212602962
5.02955694200985	7.0656730640786
4.82448037226131	6.39365582288295
5.09410850987365	7.08071830548873
5.03951525128412	6.92362601284975
4.99584103926856	6.92533549684606
4.96165900840962	7.06313932619084
4.68804326366891	6.75511201252533
4.7725319286622	7.00317837798725
4.96891903513561	6.93907803107542
5.2891443447482	7.06971998815764
4.70968736090072	7.22446830276884
5.10556611420609	7.12220287212693
4.85484606928119	6.67396423936955
5.2290942222665	6.94384205802253
5.14299988772919	7.03896393402104
4.76288997615976	6.72264854938776
5.22528897529508	6.94034941944559
4.80014774699687	6.79790204955848
4.62136357672486	6.95144532500049
5.10611093196382	6.95730743218682
5.24450446399659	6.94672842026492
4.89997753580482	7.22801904215598
5.00838313277363	6.96327062460529
5.11261331202757	7.04071391579288
5.02991029995158	7.09051614221914
4.93848696361794	7.0319685009654
4.56744908526314	7.21677115906887
5.2746472605324	7.19323459189088
4.99354685979961	7.16180221467125
4.82051825536347	7.02646499800972
5.05803229321142	7.14738687816145
5.03387874663702	6.98320580131464
4.86166916517065	6.91338110020107
5.0920560627458	7.48597012782948
5.02648021704261	6.99232502624729
5.09771795985979	7.12238697721384
4.92261993991954	6.95230718380127
4.8294661030989	6.89450499105001
5.23674360869531	7.18288766473813
5.12676101979271	6.96391319506806
5.33337095257548	6.81073727350208
4.79090655391659	6.91128282974591
5.13783901916937	6.96548024493924
4.79043284136175	6.65732317341768
4.75536679570913	6.70504016286835
5.0192542293266	7.05379683009596
4.93611344452465	6.68641388096333
5.32455665389521	7.0136197069103
5.00214448946932	6.98096057308864
5.04382855706981	6.93003717390419
5.09174361987731	6.66227409013813
4.95829687661357	6.89844351751135
5.01898127388955	6.91877749749749
5.5798453140715	6.80693320914225
5.23723739555751	7.08005123195798
4.97318951620252	7.03203527571356
5.21987114253974	7.090270338085
5.01280185947386	6.99931479046971
4.95724697926396	7.03540252968732
4.97388845068821	7.03755874353557
4.98389777470115	7.02700414974185
5.04685372609573	6.94508828337586
5.02899861869457	6.96027506882534
5.04534250452149	7.06613736141264
4.97182101370722	6.96298405115803
4.82470630760567	6.76214731517473
5.03653326882833	7.01112141176985
4.96222760509015	6.83421268533624
4.8479335200558	7.19660518355449
4.74947429511732	6.75164906750653
4.95087133417029	7.05148392728909
4.82233940393611	6.95774578830972
5.47897083638368	7.13937536213786
5.15919757873562	7.13897370574754
5.03514899108683	7.00716254180543
5.39537818710189	7.35328742259737
5.05105306557131	7.28188175472754
4.94996524829096	6.8565038505502
5.11450102028648	6.89536791577045
5.05219232802803	6.85900090646716
5.14515412541737	7.15576918623711
4.94056573865513	6.92600521057951
5.27306112297703	7.20951639569997
5.13828420964736	7.0872269182088
5.28809571561558	6.98381916793098
5.06371467663597	6.78015180517932
4.98294046862108	6.95937191601174
4.59153040107999	7.51791551025499
5.03690349248484	7.13730471424725
4.99342886992731	7.14804243974185
5.01712242313563	7.07248751996559
5.10601319830152	6.96848259283297
5.22650861298502	7.10258901751469
4.78596014414328	6.98612640006528
4.82857801010473	7.00327412191659
5.19909228719757	6.99574783429295
5.16555925098923	6.96613953120531
5.18639453742491	7.21360155191998
4.99799989701915	7.00993347336256
5.26910749038575	6.9823457147766
4.85590307554393	7.1469901758334
4.95749683473656	7.02696105449771
4.9873220520541	6.97981442136622
4.96731985991722	6.99866775071435
5.1528583079239	6.52344839163094
4.95012872147627	6.73237004041852
4.9914245880049	6.90786054303583
5.01888430172128	6.80708181120304
5.15615703562425	7.13111858102868
5.21616385716034	6.71075574318341
4.84616175998848	7.1674892146817
4.97671984511295	6.98180518030019
4.88516049032363	6.83461301720412
4.81373402529437	7.3447890003558
4.4910539998253	6.9849865124814
5.18890607153522	6.61830797663319
4.871371917033	7.05327699167635
4.82507801610683	6.97927198083081
4.99879251820377	6.82059447689096
5.21285460912928	7.0919895732733
4.99979264096149	7.02403883538833
5.01237178018069	6.93543327617675
4.84281275139971	6.75445075084096
5.14145124970771	6.79676204775736
5.0805139220222	7.10752673305398
5.06022590393575	7.03389579850744
4.95338978198808	6.8765169990635
4.58358616945058	7.16406506227232
5.02839632806727	6.99415791317785
5.36961009806186	7.10161322937895
4.99112858638441	6.6629316838486
4.93696786769413	7.14417967029414
5.02586717071765	6.95912937191095
5.26102746369486	7.22222950125252
5.01002167917651	7.0941870920963
4.9463538654072	7.16897429373768
4.83120381309982	6.94174298570677
4.69109048738806	7.04309681213594
4.87709428417984	7.05543465157605
5.31446124501812	7.13487232974694
5.03778333435505	6.96333733562855
4.92401477051232	7.00617642979718
5.03575578579035	6.96173419912365
5.06642556517017	6.74649417625005
4.82845943825711	7.08453494634877
4.71084791621635	7.13392872448742
5.04112441493092	7.08985739294575
5.00046398547192	6.9944635064519
4.93471140248895	7.18987844371945
4.76942363831216	7.1091543352175
4.92232905800916	6.46401355868086
4.94011534608744	7.12742302967886
4.99472669140062	7.05811212768194
4.97705657713538	7.22457280616418
4.81804898495538	7.02800600405728
5.02586758916257	6.89720822287486
5.09656943838912	6.96365115743368
5.04881729262464	7.0749946826957
4.9573938926292	7.0926192292071
4.83220308272251	7.44131323214099
5.06417554288873	6.99272056684152
4.69902002341668	7.08392688548548
5.26509366895607	7.03668132892758
5.01282306932669	6.92723565097338
4.92877650269331	6.74249184185499
4.51761650989083	7.04034916712589
5.0630860623526	6.91892534355597
5.00585296866806	7.01307800660649
5.04459740949803	6.95419289288139
4.87314709527876	6.91460981824477
5.27517484164284	6.79255720232689
5.1318376216998	6.82796309219106
5.02443738489192	6.98138439307557
5.04709644706726	7.3399402136197
4.59800256382826	7.33744643258406
4.87684097720525	7.15454533733234
5.03866940487485	7.03341429938571
5.23060443652207	7.10893443651969
4.85944279548101	6.94083230943616
5.00220009501717	6.99823438007793
4.8976377085949	6.88025495386224
5.48684041844976	6.84489752027871
5.01158442041124	7.23934337939603
5.41564426120684	7.16761861179965
4.91857746632922	6.95200965058564
5.1762655639768	6.87105054532504
5.01738702744798	6.91955136241432
4.97871766120955	7.1701019369034
4.96531441028258	6.94451071509576
5.38290599552001	6.76919045421217
5.00795217482525	7.11674244167703
4.97416993225147	7.51309714317133
4.99835508102501	6.9724955677028
5.0089868436906	7.00818384603561
4.83840391026744	7.09635591792355
4.71395825478956	7.24727072256251
4.51156867641748	6.95515655599656
4.67819948455936	7.08487742730819
4.56499334215349	7.15193093909949
5.28482867792262	7.01262184549896
5.0452304401009	6.95163997201336
5.04017719789869	7.35856856913303
4.85517876724041	7.0333142390461
5.06070826384733	6.88844535917668
5.0000385327258	7.03808691153337
4.93227608214983	6.59797432781207
4.84139962743047	6.7300196439454
5.04485339493289	7.11627861295543
4.93758203572164	7.26942743418617
5.18556952923522	7.32245106722046
4.99352042677772	7.01942179692671
5.12967170479919	6.89178768747129
4.91359515704063	7.06022147876074
4.95734753194263	6.801268128473
5.14023239908888	6.97659782450787
5.08028128002597	7.08039310686923
4.64598545542526	6.80261655509354
5.31414710768285	6.93956944540562
5.29448837506367	6.83194617806728
5.09742955983514	7.04311920695931
5.01164738745386	6.97016928547525
5.01921800622183	6.90620846522203
5.18477650058207	7.02048871228797
4.98383684751662	6.97510864357376
4.97197471902065	7.11626297600553
4.90000596314023	7.02302528862339
5.04219049762055	6.96255929226174
4.99392311260531	6.78342807799166
5.01492942592596	6.94169884077776
4.96930942812615	6.9700967545256
5.1432805153345	6.98927996185816
4.9343215016186	7.02375387658182
5.00344521445025	6.99412591670383
4.9506818952638	7.09514594979584
5.23144839728504	7.00445907255357
5.00978755171604	7.00141969927126
4.98755622231339	7.27489284765056
4.91511219183774	7.10781728416958
5.07167693859686	7.04422784114283
4.71253254378443	6.99519603226907
4.91047245794405	6.74783048116707
4.97789165326669	7.32773738543676
4.99449647773768	7.00962937141679
4.84304935626894	7.1642208853719
4.99693888249625	6.99649555491243
5.02296785391009	7.04954089302665
5.20924199233928	7.00402133740346
5.07301656643089	6.93664407537383
4.81986245937664	6.96291239024443
5.0512764582316	7.0108850150839
5.04567171584047	6.98307064319329
5.03807084944423	7.03578888289779
4.98894102952894	7.01784411017881
5.06989648085771	7.58034965043077
5.15570634086847	7.36475898670848
5.00279396732889	6.69377810875118
5.08663605645109	7.04309320669065
5.12839192817168	7.38899125059471
4.60220707683881	6.64050298720441
4.76438690691547	7.06534008592692
4.82825583500483	7.29815826103696
4.99007910865396	7.01306328539885
5.0145300510847	7.00116640667114
4.95234911888558	6.88771042102481
5.03768255483805	6.957973028068
5.00490989377387	7.14348143625728
5.08921730194278	7.02610273275794
5.00558775809825	6.93614346260397
4.96378265608126	6.68760617893538
5.33863394315534	6.88256101932344
4.8878686069345	7.14054283919776
5.12953742425387	6.98848291170149
5.06932270716258	7.27501097184486
4.90898756673726	6.57517673602341
5.06450911269699	7.30216100912453
5.06378397951767	7.14400357903636
5.04405743372377	7.01380198522693
5.26850615142395	7.04844370623713
4.80201082545636	6.6715909731329
4.96255954861558	6.67042152551008
4.93870312072166	7.19255249688882
4.86315722829333	7.04728252693473
5.02016633666602	6.87954310743342
5.04119926337834	6.95033200716905
4.87356278364207	6.98019534252553
5.05169015565248	6.65163655447887
5.05088183664793	6.97527301779131
4.9467707644196	6.60432553775873
4.89558772174058	7.00289104280991
4.9812771759257	6.99113584536505
4.93160918427308	7.05341598618585
5.16717404194355	6.95533970379245
5.20955834426062	6.53657546692538
5.22399879562363	6.94603473116866
4.96161700725576	7.10266326639377
5.01035753671497	7.00167110429616
5.12444841858292	6.90145112041092
4.40360523347269	6.96070237356488
4.66485872780302	6.98210242203724
4.87825415948944	7.0618074158876
5.0366249481666	7.06101506440163
5.03504327697281	7.22434962050786
4.97186253327668	7.06320080556084
5.46679002747961	6.9478465760136
5.0290485547073	7.07991240844622
4.95375237472247	7.00825279713068
4.93663583696922	7.0174436275014
4.9840144115221	7.05888555477714
4.75689068068931	7.05067845809427
4.54380003351796	6.96798291868143
4.99168437226697	6.99677559838752
5.50814660239783	7.35727586886953
4.76212850886132	7.04074702218188
5.05300823337701	7.02225466538999
4.62838464430145	6.99364264915467
5.01735661947901	7.11611505205901
4.99049478877706	6.97831616433445
5.25053488929131	7.1459723851888
5.0080896246131	7.00790851292294
4.86082486394565	6.86884635681125
5.01457701040708	6.97818578507048
5.00219839633288	6.96449792508721
5.01442530081033	7.02366531953976
4.94664243299798	7.36748045077607
5.10184489720806	6.86852688455998
5.00947448523171	7.05990389229743
5.39334809063724	6.98430220897621
4.74152686076056	7.19440306677096
4.91477850703333	6.95456921872995
4.88558587709812	6.74794639709673
4.82752945812855	6.88627276766401
5.24782982079253	6.74003461019774
5.1507464095989	7.08091671810297
4.93493470111057	7.15759306242338
5.1017202612758	7.39992758480889
5.26473243310628	6.75834226834917
4.92000758768146	7.01292605340172
5.0097042823788	7.1321276383099
5.27642846222172	7.05828997791029
4.71009870502379	7.01247422350552
5.07343256804052	6.95685974699148
4.90713097726244	6.84494967851522
5.48495041109806	7.31118253559411
5.02411387055938	6.92872237793083
4.99884533734143	7.00079123450628
4.8374671337546	7.00473306371611
4.66649740631647	6.91810961693168
5.00796837274283	6.89582608206476
5.0067222097324	7.01818331672498
4.94070254088142	6.96652096216777
5.15032947493809	6.88693282239576
4.71395916253174	7.09849863359189
5.34720476420748	6.98829944642777
4.97326474874169	6.99639385487383
5.15786574849872	6.8669482050585
4.96137544258974	6.8977514934133
4.88193342289432	7.33153115382681
5.1467463362021	6.99310953282734
5.0814707618875	6.92919933396672
4.89878001616486	6.81441956297856
5.1671393367792	7.29054020712343
5.02137752830236	6.92119968295459
4.90902883897462	6.90501967821953
4.73507494164499	6.96828840759527
5.19038020930387	7.17248156339645
4.81854001659357	7.27513695346236
5.06045070797897	7.12397210866981
5.00318269071056	7.25769424040941
5.3413019567751	6.58910364905993
5.01411034265717	6.98884078211964
4.97081603548462	7.03274929163164
4.52441168050029	6.7618184318832
5.02530809478933	7.03270414570281
5.02342612286731	7.04828586678387
5.00632328763995	7.00188555684441
5.06027883883002	6.86235004784724
5.02925997159447	6.88424380420275
4.96507648371805	7.00046248338008
4.74975867354052	6.89839731122943
5.14021269922645	7.00845059319313
4.95848972603302	7.14654666470971
4.95913025237324	7.01582749695704
5.346461800016	6.84652699100644
5.16339985601293	7.15959307181713
5.00547872283203	6.99697559176644
4.99992124141784	6.9970211021146
4.76733474052988	7.14784273135142
4.9653471643169	6.98792293258859
5.01034940741484	6.9873139909897
5.19883561488045	7.01103072546405
5.02902716514538	6.93614615908008
4.89481722467751	6.84941758236236
5.06295534124727	7.16407369560315
5.18919602509149	7.1370920493981
5.04944652885909	7.27846356316262
5.00357755913849	6.99730564512666
4.96937843675911	7.1631357751321
5.09208097801111	6.97480535805675
4.94235816954318	7.05748120638376
5.09417900960904	6.77528397211527
4.98572682019976	6.98752281610432
4.5752900892698	6.80705276448134
5.17020771243139	6.71513125613966
5.11703512215149	7.08990332011174
4.98401557038026	7.00284518421773
5.01178926113699	6.99303845150071
5.18974264118218	7.06837517780637
4.96594206577043	7.06025604905173
4.94135677603491	7.14096161991897
5.00943529766247	7.00678147739279
4.91187593870253	7.07514280052354
4.97447259574699	7.02401379669393
4.96035108947167	7.0531189526711
5.28960664689774	7.10877708616253
5.03346051347057	7.08700954929751
5.37444318256192	7.0678306015078
5.06722112021497	6.9893168093269
5.24011417081155	6.89120093186686
4.99969886729746	7.00753528313453
4.86913609954622	7.4215068649445
5.07186711838172	7.12774807761085
4.97933999707051	7.01516801912699
4.94866922843207	6.81872649179337
4.94119273853099	6.77272757227004
5.11509018754465	7.26562471981283
4.99731294744842	6.78510996724212
4.9643562985501	6.7922860980848
5.0701469835579	7.18569004454723
5.10068488437517	7.12251906004475
5.09737237221349	7.04512967505969
4.9973032919258	7.0041486086267
5.06410899203228	6.69751250534059
4.71706779516276	7.08988564118851
5.26325635462627	7.42387003786547
4.96017786366086	7.50616326176905
4.87459118516864	6.90319818748008
4.68649679721576	6.97604835246418
5.13626516662535	7.19776931049676
4.89342164721906	6.87071340255373
5.0180004495452	7.10660255073544
4.59465160561242	6.86110578792118
4.96431042929676	7.04703570221775
4.92840601370054	6.98969466777698
5.12859679763225	7.09430713680434
5.00704460700833	6.99463624294881
4.96581281118599	7.02258028806338
4.9360895997154	7.17015440947584
5.16959144489768	6.79560042456062
4.74515384538271	6.95605085014844
5.08275422176725	6.63479377576997
4.93223478568205	6.92695558627661
5.18928296551321	7.16391448712171
4.79998307687697	7.18374972162813
5.04992095633167	7.0259791481905
4.9767068466341	7.10080436471094
4.80099197454185	6.8759229787444
4.81322519534806	6.94312118084249
4.9876992832683	6.98965241424716
5.03132433167519	6.93657605189787
5.28927144467878	7.0193974141934
4.82313348671531	6.91288114544011
4.99351862779687	6.98404991661807
5.02325710831029	6.94874040185583
4.80882554453814	6.87398928285648
4.53611066496399	7.24648573612296
4.99997530363164	6.98176954836698
5.11570101540881	6.94087215708904
5.00054753431461	7.04107498318957
5.03080763530601	7.40387451612532
4.76070085127973	6.97500986574707
5.0029099028611	7.00326242075728
5.00618689808891	7.24732219763814
5.01400028247602	6.99002732931151
4.99435730429617	7.00116291992885
4.71550912000956	6.92182667084504
4.98602279838408	7.01133693816349
5.21653355473388	6.98060204772167
4.93140645011054	6.83255168667915
5.13774624111313	6.88659503155404
4.77093636640034	7.06048836805003
5.3222888466517	7.18878605462053
5.21926726126622	7.09203103352782
5.03037114066346	7.11383532707505
5.13467585032318	7.05848044005727
5.00954459751934	7.00866192114599
4.82607596469202	6.65822276068497
4.71467757225552	6.8849902589425
5.00960837293926	7.10581190370551
4.83849115406058	7.05943412646462
5.10378778724868	7.01383902121875
4.93572255781894	7.07398276051659
4.91295462499572	7.0503481385847
5.01116154282009	6.99910207480227
4.84857673103503	6.71560346083613
4.98126511746496	7.25705337208887
4.93071724243761	7.07815320784066
4.98638671039673	7.02250969969157
4.99986288505008	7.00400755315242
5.14466256496604	6.96711464638904
4.8711175453386	6.99703931872315
5.08524723567433	7.0338774627479
4.99647929859885	7.16125977958141
4.95415021589858	7.38416327698204
5.10656125562655	7.06557027998141
5.00476716050148	6.99817851280722
4.99980740501968	6.99947215465172
5.03794692269567	7.30426028727517
5.04838209527995	7.05733464827337
5.13683216069433	6.90223028114495
5.36075727092836	7.24240330127074
5.00728573319072	6.9924677671539
4.82175599786563	6.85774445325462
4.9715230537495	7.02567085197431
4.89786985258568	7.24999763892432
5.04214696966272	6.96375414328038
4.90048318507561	6.968522633736
5.13077044376508	7.23410102954524
5.03254870995182	6.87301222839942
4.81364714504695	6.98057584387031
4.79499249678868	7.18394253236798
5.02806882142536	7.10922534511676
4.71899063462977	7.01776810539539
5.25299590035453	7.0423021290128
4.87013402795235	6.96031171550118
5.26302269693498	6.80440844067401
4.8620843335151	6.86244934704162
5.37588138049894	7.01738271396584
5.18601781301225	7.04351284917926
4.72363824699948	7.39031547661105
4.91330817854773	7.26747128038216
4.99968514345819	6.99970882568223
5.34161863424649	7.04627904518279
4.94005395394189	7.02050415958202
5.0213971016063	7.00630705005812
4.79754241572208	7.30931102533589
5.05959522818738	7.11007505442917
5.02477988056809	6.98089449038268
5.00734685326504	6.97042803303065
5.27145905191812	6.87301918402902
5.05508165531769	7.06867010409382
5.14375310871623	7.04555601591216
5.03645835931077	6.9258045555653
4.93966521985933	6.71974128761647
4.80745045585958	6.7101579197202
4.97185739007853	7.38982516038989
5.31871308033936	6.66118834296708
4.98099592066936	6.98345289676836
5.0051370325678	7.03248428970083
5.00293023092405	6.99957344514618
5.18829558784713	7.26254573364898
4.96210345277532	6.81741185376895
4.83258446834341	6.93619799667438
4.99027264628885	6.99843680380911
4.91889571231525	7.05013346417925
4.65917491970806	7.41636992699319
5.29583679084518	7.18437874954474
5.08885951950215	7.0198042044378
4.9967707882669	7.05462535737575
5.07101797939092	7.29421761919305
4.61982425422864	7.09254277146531
5.08636489337755	6.92131168345687
4.88137466402657	6.99357918289946
4.62281005574197	7.22023420642598
4.80111422766999	6.95902232177658
4.72537569593528	6.65159294248453
4.98961829843379	7.08205811670448
5.00279404640996	7.00297781574402
4.99201102580273	7.46214228256099
5.0587606416633	7.06853327050513
5.04234225418821	7.04820471349848
4.939740776518	7.04643257703455
5.10479430268863	7.15674263346025
5.02728005718111	7.15925628672814
4.79610473726711	6.77686532451674
5.04411069651508	7.25413080018052
4.77322340151659	6.97505177006615
4.99796704181031	7.00341371198207
5.02276040022084	6.90360679695785
5.0656625480301	6.66292546323144
4.98957948238633	6.90130865535326
4.68503147581485	7.26071986547646
4.98887483138479	7.01518139263017
4.90086932116732	7.02671501439048
4.9439977059888	6.88557362251291
4.99091360694251	6.99419460224824
5.13969933780564	7.10926170583266
5.31827156746379	7.23303842209055
4.81339219032933	7.12934891207907
5.05504001429419	6.95759110033469
5.01850037761283	6.87580020309424
5.0153945067438	6.80732092476739
4.78727186780302	7.06904384026471
5.07508964709769	7.09602863556122
4.9832653362169	6.99539263687676
5.24897888285436	6.80627336587788
4.96389579867372	7.00606696318008
5.15394472369044	6.88900780471715
5.14893292372844	6.78355390395626
4.91399798051921	7.06709956676212
4.9274228264749	6.91772876153363
5.24059455302791	6.85562530749757
5.09771429963934	7.03434956305437
5.04854406854659	6.97455347888957
4.93383737762778	6.97631541475905
4.91080158977346	6.8429318530959
4.79020161428017	7.11422120582819
4.7626857299022	6.77140035496594
4.76188180592275	7.11992883871845
5.00085417974654	7.02511726323231
4.94570813501514	6.94212985943339
5.01110411869408	7.00012797884628
5.03751800498821	6.98912216143907
5.03906768296112	7.0809443995444
5.10267596458259	7.28122488412449
4.84112652338612	7.19052448234881
4.92442055423115	7.05937453956369
5.07973963924198	7.01391385192472
4.78995665428171	6.77967070898086
4.9922646600534	6.99333209208977
4.88323896459801	7.39205421827753
4.61029494798931	7.40197575178417
4.96962931266216	7.03239715311278
5.12705682647216	7.0633479375987
5.00377219674936	7.02126450653756
4.98747197557827	7.14979656040082
5.02944128219273	6.91687858792713
4.83957412055649	6.89511897727261
5.00887039440994	7.02427613815265
4.98119467848879	6.98378389344182
4.95570789042336	6.9501375399726
5.09735758376179	7.06158708867653
5.11468699642902	6.8918728266582
5.05946028136526	7.14816700774437
5.2689288528136	7.0015224689505
4.98586211845396	6.94151557614037
4.98429678063204	6.99299308392604
4.99328755235764	6.95735522621128
5.02523404277006	7.01452697950734
4.92470244861061	6.99422993431715
5.3067391254718	6.90815902943095
5.05745105283602	6.7792713180365
5.15933159487389	6.95508061014449
4.98698709090905	7.01559842370532
4.95971429181591	7.14169103366321
4.94152816865238	6.82328228506528
5.01758833909911	6.98358438874083
5.11500779652906	7.18879869386003
4.83964314215677	6.88628179109576
5.16732649967198	6.9606113284814
5.05732087185895	7.09771725531217
5.00768274701784	7.22858055563145
5.14910300703373	7.24722529995643
5.03720514176175	6.96692132201006
4.52829111837015	6.85575800221438
4.67634635722476	7.1030127775978
5.06204632429496	6.96491618323952
5.11677729643248	7.05686054886175
4.9924352748007	6.95847402350564
4.87755506584639	7.03173226646039
4.89282740782435	7.03779907743289
5.02468542499015	6.99426323762573
4.45860829536817	7.02347539948569
5.11639384963402	6.80226724139994
5.25714929905108	7.38927380574647
4.93355816782642	7.11578003300645
5.13945024168702	7.25389252479977
5.20078299334531	6.71758108946196
5.09147583296616	7.04770185092002
5.00822069261101	7.00341828395343
4.99552111287647	7.01202357939698
5.05088519993886	6.91679495259858
4.82441581422675	6.41426568935604
4.51745292744078	6.96794520393012
5.27449396375238	6.90806897212303
5.1346170809271	7.15457817166711
5.27849984388066	6.98266159565871
5.04083329841854	7.10176312562523
5.01521721651265	7.04794439849316
5.0705585332514	7.13871023801761
4.77984718193364	6.87156500423573
4.99496848815185	6.74902851648581
4.86902252909456	7.11946048824063
4.90546594426141	6.83210343936691
5.24772859503903	6.8474621032652
5.17967622740294	7.02396548876014
4.72758388546911	6.90076781426488
5.03469492291955	7.12234596741769
4.95335121901995	6.91233121491971
5.12445113376056	6.99425719480566
4.9395723576014	7.05638723932892
5.05599487568281	7.27944719736419
4.78733806387841	6.92902230284721
4.80984789090092	6.55789955975751
4.93019382128763	7.14811407516285
5.22365562269678	6.72866164681646
5.00833042182224	6.99763418396081
4.94004402310649	6.97233939075346
4.91405553646025	6.80098673036989
5.03507619670046	6.86082891759191
4.98203578515942	6.99664721455451
4.93311649048777	7.07542873613612
4.86206138943656	6.83592310047311
4.97487536653251	6.96378203617298
4.98661329805981	7.03444717374368
5.03499550760298	6.9770113221226
5.02087563729651	6.98402620663596
5.21191331532786	7.17356895966601
5.09622036479551	7.00305538010348
5.06564087859081	7.1281471329034
5.18421642967897	6.85739067944149
5.1403898314923	6.91578423968618
4.97933398100623	7.07209265395575
4.98449434016901	7.05111079386805
4.97559436564807	7.03267731893154
4.90506989067577	6.97499209236152
5.04563011771614	7.00774259838728
5.00473734924657	6.96158944224877
4.87802163054754	6.78107010304651
5.00793966001441	6.91738801082659
5.00148373628005	6.95398799013663
5.19819318741927	7.0447378079762
5.05999362380217	7.05150979634524
5.05442078103808	6.93039805079827
4.95142689690779	6.9717806308714
4.90402226001221	6.89536594724551
5.04432375660738	6.98487840108639
5.08050138843771	6.77023834617682
4.72957136194721	7.21701306221879
4.93836097841075	7.05634146675792
4.93082456270529	7.196478283236
4.95965334541834	7.04103468772216
5.64533174741827	6.83811132287661
4.90238092335449	6.89515612454644
4.94674274560158	6.83794368877689
4.98245053387558	6.98936816822618
5.13307113726563	7.09844955342574
4.95000846877395	6.85869389559343
5.11339840979099	6.49969220298201
5.02667178942513	6.90131094582028
5.29419532591308	6.92947974432867
5.06509666175433	7.1054464279071
5.17910002418885	6.78567012974493
4.98428265282853	6.9956242400411
5.01526905770689	6.59681188162591
4.70702294287966	7.13926650192463
4.87923434647943	6.87626127291608
4.91460401723213	7.0476834731376
4.711352013369	7.13864558640938
4.97712974404588	6.76940296617408
5.14132476036887	6.97680074987862
4.94220304590283	6.98699445729645
4.86988997410758	6.66651889182351
5.01193475311745	6.98953099791904
5.18781311589825	7.22830886150368
4.88248534955672	6.96032347994797
4.9288747712114	7.07056056717818
4.78941298091199	6.9676175457303
4.89855222502462	7.03424475377803
4.98758305076714	7.0570513722773
5.32688054221088	7.29388706258187
4.95975411306602	6.933976566173
5.03275337389785	6.98333453989613
5.0057938544377	6.88650644088911
4.78365853002986	7.00448602517225
4.82806069090056	6.99569693909099
5.01124748077828	7.06569782117273
5.04583732860318	7.10099653003877
5.1163577784882	6.62515671590709
4.97508728256576	7.00364624227904
5.08727138947597	7.04009192039392
5.1047178545146	7.05905123190485
4.96050394173334	6.96754426089607
5.00410540972291	7.06757444202322
5.3437823379755	6.74888154105483
4.98487180163993	7.17287343633531
4.89357397960262	6.96324543264934
5.03968329441487	6.99839874462735
5.20959694727615	7.46099600868354
4.99277904905244	6.99666956945351
4.69822429620971	7.00729683658853
5.00744728013707	6.90498268450716
4.87018414763714	6.92566149283483
4.90831880191755	6.77232474156391
4.8628832971312	7.05919416360759
5.51483330053847	6.87515629273389
4.94924283249096	6.94666205091003
4.9532403126545	7.03717840546958
5.09354330467328	7.40647477631135
4.9745826270499	7.03921204686681
4.73336322097058	6.97337821915708
5.01142990981198	6.94122224013985
5.12537352415714	7.26293186838675
4.96251569248941	6.98877539993387
4.77851733040754	7.13533217328533
4.8876906379644	7.34318075732032
5.02580388629208	7.02147307053905
5.00788333207896	7.03130404485456
4.71314002628393	7.00075978013074
4.98009049590455	7.04026996996369
4.76709080063261	6.81237884621745
4.95736656506969	7.33131358558587
4.9518161924457	7.16485468227876
5.09889849220521	7.10014480793202
5.15645761994453	7.17583717683638
5.02717693941186	7.03275813968922
5.29773264163745	7.19010648254876
4.9012174063484	6.79888553231273
4.41161539288375	7.2039439303546
4.89226824555007	7.06892408089743
4.92386154936903	6.89018863941571
4.62128226948235	6.9173154987074
5.01098788593541	6.92940849004865
4.84249899894554	6.95904146850122
4.66121578006125	6.85496769689649
4.78721375990812	7.25657795799267
4.91916799295473	7.12063329153578
4.96135146175737	6.96386504051123
5.00252684223957	7.03074487734955
5.2358823562717	7.10263884559421
4.69499302214527	6.87212833488161
5.07150510550094	6.99412296309406
4.8891925471099	7.20767030948351
4.74690479565144	7.27195488518815
4.93352464459836	6.99834551345867
5.08011896241557	7.05430407854996
4.9906906563854	7.03478675102721
4.99129346400923	6.91557332565085
4.80746734251218	7.19540000066682
5.00871995622176	6.98839671605038
4.87900855718383	7.14052931577346
4.91485554433804	6.98248496388873
5.02894762600657	7.1219752698737
5.01800977986904	7.01393703619837
4.87272353957253	7.09038735515725
4.9296268700696	7.0488580079184
4.95972986832205	6.68137337227475
4.97771605816704	6.98497427821243
5.09810577686602	6.94033004591957
4.96090087762467	6.97087124436636
4.94261200752629	6.87525955305403
4.8637233374905	7.11064682353107
4.96942290190354	7.12114584347632
5.0893002367048	6.89407121909056
5.24766502821594	6.86603464979511
4.85566323957777	7.36405321970933
4.9046605273455	6.99408398508777
5.0202247416229	6.96245584469032
5.35889092140672	7.12439131247128
4.96104546609389	7.06873232195167
5.05684380255079	7.12766780044205
5.31683460480655	7.20673283642094
5.02965613794895	7.00900222882613
4.9778124536846	7.21130528881991
4.79211251137594	7.05995366083191
4.83077014365923	6.84663994841928
4.92413287005543	6.98168438700811
4.77627569294916	6.8183337099502
5.0070348358566	6.95094116894902
5.1938982249375	7.36428991611965
5.35337167917465	7.2499041832802
5.23616134115612	6.99046537390344
5.00559280756666	6.96588321354406
4.94135799717772	7.20185921555273
4.95231682099095	7.15496186040886
4.81266621364626	6.98510052095786
4.64859400402722	7.26687147515208
4.76830116544795	6.87251848294627
5.08630105242562	6.96451591377374
4.96814580073915	7.05408949867557
4.67749333917495	7.12228849076858
5.12378931840852	6.89621375067743
5.02433683387691	7.03560081404502
4.88385072123196	7.14336332517555
5.04919351366691	7.06863854908241
5.11362634496332	6.78526580415483
5.29783416213757	7.16904244950483
5.09029912983972	6.79006122861253
4.99973435976496	7.10314545212838
4.87876130526101	6.79305267250376
5.34993524957685	7.15434321393228
5.10075677858878	6.90552754610011
4.84788725488539	7.10458364301131
5.08229350553614	7.04468576277961
5.17534931316997	7.19230687520358
5.09824899058157	7.22411023802195
4.92149755127765	7.09118016417435
5.1326458006068	7.22702770514485
5.0447310785401	7.02314004113617
4.9449727838765	7.04899304049508
5.02188665136716	6.99740892668154
4.67799299459452	7.02940660882184
5.15019472072614	6.99550712018408
5.0299021577101	6.98443952729507
4.99909112209706	6.95408823302205
4.99385530418304	6.99665474854397
4.99669943766087	7.02283941674932
4.92860377918924	6.85207537204551
5.00864084562403	6.98283521994379
5.30222456336849	6.99368578051459
5.01840922765044	6.96056187484027
5.01478498742154	6.98225187928606
4.84598474478561	7.14418712760743
5.00562953099847	7.01694251903499
4.65223321305876	6.87853302057262
5.01698692632766	7.03777543963173
4.95409844852297	7.26025203955575
4.95888130452676	6.95896295538621
4.97972802579444	7.13672879814283
5.28610159313531	7.0369294148427
5.02363145706446	7.29603997361209
4.88135177674935	6.80080870027425
4.97427511700265	7.11678340484626
5.01134986301009	7.20827053442463
5.27534891253928	6.73435473054475
4.96457181440935	6.97542063937807
5.1971169505095	7.03432414816187
4.98456888154216	6.95744863204876
5.0334806069817	7.0399849686313
5.36531684414756	7.07608232694401
4.68381090107705	7.20411031905715
4.84597237868185	6.98786462661305
5.01210675655297	6.85563921697152
5.07264016673835	6.52776682270513
4.9771186750563	7.12172999753542
5.20751719182964	6.9102059562962
4.94044341326333	6.9207635632691
5.11482040944309	6.91938792707105
5.25834005408791	6.76094562430606
5.23920621880749	6.84214364976377
4.98581141606052	7.07883327646957
5.00949336862537	6.64738471244201
5.26702350688223	6.99986348417634
5.08114139179474	7.26916926955588
4.88015395383843	6.99075119203934
5.05948719339462	7.18243857527001
4.78972742380019	7.07500139085446
4.78423192970491	6.6824980269258
5.4576608880087	7.08578032263985
4.98051084487052	7.07675146289249
4.69011129015507	7.21702700660441
4.94319722256605	6.95670291064041
5.12885267185285	6.7197618019182
4.93616986837458	6.95045787327948
4.99586700807557	6.99556357948906
4.96332326150908	7.02542496227171
5.23919329978139	6.79239106090209
4.85119769850739	6.98796133522842
5.05678670753804	6.84682528509815
5.14809638295312	7.23330265943
4.91058445364162	7.04005855056716
4.85479261655411	6.95354187465631
4.7292747257386	7.14236019595983
5.00052389915198	6.99394975562097
4.99508728064102	6.62789527013956
5.02204553919368	6.91380879156087
5.01188613653864	7.03663251577309
5.26144279945576	7.14916384372438
5.43144299771994	6.91409495876108
5.00830268736426	6.991939194447
4.55273292618786	7.25303659131076
5.15033704942088	6.71838493831004
5.05408026009449	6.43746149789749
4.97493655516417	6.99511875714164
4.98016282555277	6.95642318888603
5.05083385219812	7.24954701442556
4.9342683428719	7.00651650332335
4.96660729278425	6.99366596218936
4.95660724769538	7.01786707578381
5.0748043234833	6.9417344102817
4.80000520075381	6.56966393303019
5.00959377371159	7.1364594036662
5.03358742796865	6.70217218854812
4.99791372821989	7.00124971986653
4.97422189129308	7.13417272467253
5.2784720566576	7.18176393354289
4.87021767108424	6.73982295669028
5.24128307876919	7.04941763829263
5.36720582848326	6.75047684491951
4.91771112094019	6.92320319118251
4.98644404681261	7.20618001016142
5.15103399223236	7.02102073448486
5.31067737976705	7.12909214329254
5.04187548666114	7.01538457643029
4.79809648908236	6.88091990028231
5.0000799933715	7.00005493558783
5.00187700350477	7.00016368558057
5.05941122698164	7.01945241960136
4.44448067047333	6.91291115686103
5.18047940826584	6.70750101274347
5.0010210650621	7.20508099864864
4.8889623207195	7.16684675141909
5.23418275811095	6.99475855250627
5.01259070554788	7.00396530273916
4.95912522977416	6.96927855445093
5.24107580536065	6.55237492321757
4.92546632710801	6.78118675912032
5.01199008979834	6.92152453162325
5.15053312056227	7.02121371465469
5.07976770679711	6.88029550898049
4.73811615680778	6.63931956507287
4.96552337950758	7.0364739218735
4.99495311355496	7.1864069608926
5.1373185636771	6.91229632884766
4.79291327011607	7.36404198607121
5.17717662203378	6.61551403837868
5.0717466484379	6.96858491472591
4.99235960186302	6.99178359003262
5.31369428771348	7.06984852773311
4.98207409493694	6.9403699622322
4.95207324917644	7.12362172862501
4.87200180633801	6.41401158511573
4.80471128939166	6.93694361941799
5.06525037207125	6.98152329152687
4.93823303308148	7.00542273148526
4.89822243201182	6.96379813672374
5.09238381856894	6.7568226488027
4.93823190161994	7.12946999118202
4.95363667342555	6.83729837876335
5.03010154293561	6.84928735869876
5.1494914265932	6.89933903447738
5.01337133032907	6.98361683568694
5.37347058193995	6.73786873587602
4.66759554865263	6.76887675708415
4.91431648356491	6.9461787453788
4.99136112518701	7.00629410360098
5.01260129070069	7.09972908642727
5.32174575614829	7.19686717499526
5.16259458586406	6.92073659970818
5.08403643505434	7.06276537299364
4.92871820500911	6.99320790960609
5.01981457930764	7.03114622288544
5.13350106303208	6.75144199805447
4.98620255120288	6.96693509560791
4.83154722663091	7.04147493734943
5.07228885910359	7.09895993070432
5.00844726899551	7.06512833450263
4.98468207905826	6.71153268169077
4.84161852022409	6.97900823553032
4.9079452766697	6.74800190251961
4.90526373864564	7.32154108585898
5.03020423740294	6.77011564905579
5.13184537648908	7.06267228804004
4.91527485351382	6.97526228436217
5.12569423851611	6.99258553911864
5.13168889290414	7.03870308971476
4.59958817053283	6.91353619134223
4.79424257741801	7.02773837117057
5.16142593502699	6.97876622554889
4.81972169367585	7.08396292808403
5.11411908485623	7.18424767015487
4.83236879220759	6.87502991142726
5.05926188715741	6.91521912467423
5.00888244738343	6.9387967822638
4.89950738880162	7.0082709230144
4.96951293201308	6.95989071555866
5.07996170785325	6.86080709426277
5.24799222981248	7.11610400154052
4.99958369626896	6.97877879924795
4.99967494285749	6.99822380234965
5.06198373030728	7.02547440767365
5.03884026731767	6.99924770367504
5.25237995998672	6.67499404285535
5.21436568890755	7.22050395267967
4.79780949029964	6.95567677688971
5.2040031708091	7.20596011857782
5.06211913599953	6.88929215626384
5.0325342379772	6.89692438608813
4.93648487429442	7.02857173015295
4.9223348748111	6.78093929603756
4.85527062299544	6.79193869759144
4.90474358140766	6.82148336049006
5.11036023484654	6.82235766705675
4.81705230616389	7.25208374536219
4.74167608337238	6.89037082433396
4.50871784401805	6.78357307835806
5.0047569871172	7.21957129931722
5.0107694910332	6.98631761670444
4.93623769494098	6.74236585075834
4.95494071669349	6.86878670520414
5.25063912265553	7.3104336546653
5.08829856906459	7.06751170893257
5.14287720528766	7.07484540361302
4.9753552018918	7.31095801204319
4.95826620224118	7.10599147650912
5.23111273800434	7.09371890945344
4.99139590040216	7.02399579060683
4.88731520613627	7.16642600127198
4.97971027161046	7.06481843781043
5.06079136942106	6.93494207254442
4.70623498224223	6.6005420195126
5.0916881772579	7.05684959013822
4.89664778845413	6.99686437914765
5.10272596841282	7.30208671524125
5.28289147343229	7.12767329347766
5.06431544277994	6.8660229659778
5.12501915862731	6.82968925910987
4.74850553805316	6.92633144662951
5.07619760895049	7.01282817165625
4.87063965614967	7.01141214382951
5.11899441196816	7.11205883403479
4.93740487429596	6.87275397781538
5.04315511812373	7.02896283769668
5.00625367909787	6.67524771527059
5.05219086913625	6.84663126828214
4.82535330322912	6.93669156973307
4.99127234254898	7.17990528669404
4.9770147954472	7.22279452460169
4.97307228427942	7.35186241161516
5.04188735045399	7.00256809935273
5.0740772021438	6.48907943249187
5.08892737174373	7.02560900021941
5.21500327341167	6.94826015063438
5.14553483210507	7.17887838456152
5.02728759164276	7.04283826004829
5.0263672152756	7.12091740448238
4.77681563059427	7.19973746742203
5.06239504965204	7.05346299218008
4.99190548618244	7.01061169112316
5.00498835267613	6.99918443148623
4.79403083111205	7.04127217130229
4.96297584073926	7.05725984503061
4.99436141401735	6.66460995408378
4.93707506099106	7.13526622911304
4.76043862293895	7.33995879032439
5.04801956595523	7.36535895504452
4.8145673776278	7.03975596583096
5.16333306322191	7.08945944609698
5.18464912220206	7.01452991196299
4.93070417248947	7.00208083085739
4.91893308178641	6.98324811678555
5.00009364037205	7.00002236454168
4.86489937872465	6.81173417526514
4.97823436854369	6.58841433595807
5.13155848856321	6.75068865959383
5.21345850380211	6.73854888110505
4.83579579020742	7.1976117551762
4.82621485555812	7.24191809335245
4.94453016051116	7.18052277821277
5.2499315368839	7.32618505903797
4.93458755436344	6.80689739625006
4.95629894050595	6.98670265210868
5.35192706610407	7.32173031923194
4.70025842477497	7.38412149839323
5.1064692339361	6.95495740539637
4.87442128679536	7.23261590562594
4.90158537220356	7.36835240913645
4.91184256530948	6.76871114675873
4.98905994027752	7.01741140795372
5.07700419930331	6.93354310224172
5.18335068757243	7.15378175267252
4.88280382116064	7.15616730692247
4.76066325552315	7.1349500007318
4.94114956274214	7.01532777893671
4.95369475189801	6.98388688751786
5.0051016462867	7.17415933580513
5.00110323545481	7.0049301064035
5.13619030653282	6.80547892674469
5.1767633197557	6.91564855703147
4.71702809996247	7.05362584530705
5.02652818160998	7.05777067159775
5.09274610473985	7.05734157587213
5.11669423025145	7.11768417346964
4.97287124420897	7.05499704943635
4.91602744981297	7.09657008949829
4.88206152000675	6.96938486838414
5.2250863798715	6.92164687059693
4.97571631917808	7.11553003491441
4.92824098146079	6.90890710755289
5.04296932880081	6.93920939766812
5.03952539886998	6.95826372943884
4.84859031012258	7.15587031711861
4.98284779023817	6.99861007709799
5.1713135128957	7.14224484237713
5.35830619530659	6.95494226020613
5.10381917622295	6.96792825145963
5.14829211588243	6.75980884320434
4.90133888266492	7.0451901533842
4.96643055091287	6.91700350725475
5.03641364786426	7.00687173705473
5.07425794293576	7.03798293096373