10068 23
10095 27
10109 81
10158 67
10255 86
10324 152
10397 17
10465 28
10486 101
10553 38
10559 41
10646 2
10746 59
10823 28
10894 49
10934 75
10951 106
11025 142
11054 14
11148 143
11176 87
11218 154
11229 200
11307 114
11366 83
11433 90
11521 257
11549 54
11644 107
11741 185
11794 100
11885 97
11948 164
12003 3
12027 120
12031 61
12071 9
12099 175
12116 180
12215 98
12236 167
12254 38
12262 43
12343 61
12367 74
12436 203
12533 46
12552 149
12570 209
12612 21
12615 8
12708 211
12746 49
12800 188
12838 147
12912 91
12962 46
12967 183
13066 170
13154 119
13252 40
13256 19
13351 68
13370 117
13377 136
13477 292
13484 36
13538 3
13554 234
13559 26
13637 318
13655 347
13752 53
13837 69
13885 271
13900 269
14000 190
14080 85
14119 84
14126 168
14225 166
14254 54
14308 112
14380 10
14389 56
14488 50
14568 71
14594 81
14648 70
14710 17
14791 82
14810 52
14837 193
14876 46
14889 205
14960 293
15023 237
15074 60
15152 285
15211 122
